209140
207540
211408
219396
211904
211196
212228
211012
213512
210860
213232
209780
210592
208208
209764
220464
211028
211968
210276
210420
211552
213468
212280
209460
211276
210460
219056
211348
211256
210288
211140
210744
209520
211288
209452
211000
211876
208920
218704
209500
210804
211512
210128
212852
210604
208904
210152
211028
209288
211356
214364
209760
210916
209192
211024
209120
208740
208560
210720
211256
208980
211284
222380
208712
209488
212524
212200
208708
211680
213920
211624
210784
211604
212396
220132
211544
211488
211652
209976
210636
209572
208948
214032
213440
207744
218360
213148
209504
208924
212312
210820
208688
211276
213472
207100
210400
209656
218972
210124
209916
212692
209132
210112
212164
212044
208776
211624
207020
212344
218700
210692
210600
212340
209348
213968
214940
212488
208792
212812
209976
210432
220324
211744
211772
210844
209132
209432
211368
212292
211492
213144
211376
206556
217048
210076
209560
210728
212188
211184
208412
209372
209956
207544
209296
217108
210832
212772
212196
209788
209332
209620
210084
209980
209564
208508
211172
214092
209964
211184
210660
211052
211028
211188
211088
210160
213384
209820
211004
215484
208880
211504
208768
210644
212192
209932
213272
211240
211772
212156
212104
218208
210808
212180
211588
208836
210820
209276
212596
209324
212836
208096
211296
214536
209304
211440
210500
212984
209876
211320
211780
209836
210664
207664
209668
218680
208732
210984
211692
210028
209932
208020
211136
210948
211840
210752
218684
211480
211080
210428
212796
213036
212312
211508
211008
209136
209876
210680
220464
210060
210192
212648
211952
212008
209572
210492
212796
211856
212376
209892
218568
212676
213740
209524
208768
209540
211744
211156
209944
211080
209892
211600
216820
211328
209272
210792
209328
209012
211520
212100
210244
210588
207792
212308
216344
211984
211100
211004
209768
212316
209708
211124
211644
210572
209700
217884
209288
209232
212084
209672
211800
209988
211552
207444
211888
211860
209928
218008
212148
211120
211936
208712
210648
208636
211964
211488
209220
208940
213024
219720
211936
209896
212732
209800
208636
210812
208588
208496
208508
210544
209156
217916
210040
211496
208920
211304
210776
210712
211592
210188
212608
210780
210292
221024
207048
207748
211100
211260
208808
209592
211392
213260
211168
212204
218116
209908
207224
212668
209924
210496
209336
209192
212200
211116
210524
209984
219096
212340
211304
212156
209440
213620
212464
209936
211544
211224
210976
208972
218276
211096
210476
212204
211000
210048
208324
209012
209976
210080
209692
210872
221240
210656
209120
209612
211108
211788
211604
207912
210076
211684
211888
209404
218204
210984
210576
208020
211144
209480
211748
210092
208784
209964
208512
210784
217432
210524
211076
209256
209944
211000
211724
208324
210936
211888
212572
215384
214620
212068
209176
206832
210876
212192
210548
210284
212048
209680
211496
219328
207044
208560
211052
213680
212120
210476
210708
211324
211656
209700
210332
218996
211984
211884
213524
208520
211840
211848
211128
210584
211332
212612
210500
217036
211392
210596
209112
209688
210316
207528
212132
210452
210908
210260
209092
217316
208140
212572
212408
211740
212040
210612
209116
210136
209424
210656
218028
214540
208220
210992
211556
208228
212056
210740
211360
208656
210196
212108
221108
209328
209824
210728
211792
208740
209408
211504
211064
209812
212764
209556
219332
209528
210628
209432
209804
212156
209812
212568
209300
209552
211796
211020
217672
212348
210732
209584
210752
211260
211052
211556
209824
210748
210236
207800
216012
210672
211984
209520
211388
212564
210212
209596
210900
209204
209604
216056
212020
211560
212604
211072
210420
211196
210828
211076
210224
211480
209768
216012
209968
211640
208080
209344
208384
210504
210464
211936
212308
209596
211416
218304
211488
211752
208712
212276
210064
213344
211024
208456
210408
209288
211480
219256
210308
211496
206788
206828
212388
212672
208548
210432
209604
211752
211248
218000
211316
212656
208236
211508
208328
211020
211296
212560
208300
210744
211368
217196
210256
210164
210816
212816
211268
211352
211528
210744
211904
209824
221816
209760
210764
211948
211760
211020
209824
210916
208688
210772
211224
209440
219468
210496
210612
211012
210292
210572
209980
210944
210384
210032
211688
208908
215260
207156
208844
210272
210244
211624
211752
210988
210144
211488
211188
217856
212120
213320
210280
209684
211568
209700
209840
211136
207324
209652
209884
221436
209996
214236
208376
211488
209932
207960
210120
211740
210924
210052
208992
219068
211572
211344
208168
211636
212716
211528
212100
212992
205780
211052
212056
217728
210552
211420
211796
210612
210596
208060
210864
211076
208796
211832
209832
217596
208496
211560
211944
213904
208740
211316
212880
211724
210132
211984
216172
208920
211436
211084
213924
210404
212008
211580
210072
209056
210984
207944
217072
208220
210660
210452
211208
211664
210576
206900
211208
213132
213764
211280
218852
210672
208804
209484
207276
209760
208820
212332
212156
209216
209340
208552
217596
212264
213008
209288
211540
209764
210520
208124
212768
210572
209716
210852
217236
209892
212180
211972
209956
208400
211188
211320
211268
208800
210476
210308
220608
209416
210516
208700
211176
210464
211260
209248
210056
210996
210772
219956
211588
211440
209012
212316
211156
210760
212152
211088
208184
212344
211420
216412
212516
211460
213480
211288
211248
209248
210728
212864
211476
210724
209984
215904
211756
212344
211352
210708
211860
212844
209324
211244
207736
210984
209932
219616
210700
211640
212268
209876
212012
208700
212396
210572
213208
207576
208648
219556
209400
210680
212060
211504
211852
210472
213312
208592
214360
210708
216468
210056
211136
209904
212152
214192
210728
210828
211600
210764
211760
209428
217740
211352
208384
209476
209444
210960
209940
211612
212588
210620
211160
211480
215624
210692
211952
208332
211960
211984
210112
210864
211176
209916
212604
211004
216172
211012
212240
211308
210112
208152
210644
211112
210868
210992
210668
209876
218552
208248
211844
209316
210204
208572
211240
208352
212364
208668
209316
220752
209740
210640
212776
209920
208032
212636
210976
210756
211544
211476
211888
221224
209940
211920
211576
210584
210576
211980
211164
209820
210528
210200
210992
223044
207856
209948
210712
211108
206860
209876
211568
210196
210480
210964
207636
219016
209012
210780
212032
209652
211504
209288
209324
211520
211548
210660
212052
219988
211156
211224
208668
208828
211436
210040
211256
211592
212656
212048
218168
211052
211524
210676
209832
211848
210920
210500
212740
211232
210392
212328
221116
211908
213044
210840
210260
209604
211096
210856
211860
209700
209564
210536
217608
210900
212652
210452
209628
211332
208952
208932
211256
211836
212236
212360
217144
210952
210604
211652
209540
210896
209324
213324
210684
211648
211432
210224
220092
210836
212432
211836
211132
211932
208160
214692
210232
211012
209732
218116
212872
209100
209140
212232
210980
211684
211668
209584
209972
212596
210764
218584
209412
210632
211132
212992
211124
207692
212148
210536
211468
210992
208600
218616
208944
212484
213208
211452
209964
211580
211764
211584
210224
211104
211596
217148
211552
211620
209132
208176
209908
211384
213464
210568
211900
209220
209988
217288
207676
211856
210164
209456
209164
209056
209924
207588
211888
211924
219588
210960
209012
211876
211632
212288
208648
210912
211688
211312
211128
211552
217172
209984
208916
210236
211560
212736
210828
210340
208912
209844
210852
208892
217868
211944
208600
211472
208956
209748
208380
208936
211288
214372
210084
212304
215920
209120
209420
211460
211204
210528
210660
212892
211044
209256
211040
210252
216536
210208
210048
207324
210500
211148
211448
212128
208600
211656
210080
218268
212312
210292
209816
209448
209000
209488
208260
212276
210000
209820
210320
218352
211560
212196
209904
211032
209036
212324
209824
210596
211108
211900
212400
215920
210760
210876
210776
210008
210264
209224
212232
209396
212004
212480
210904
218492
210320
212548
210504
211400
212844
211692
213388
211680
211400
210612
210628
217840
208644
210484
212796
211576
211556
211200
211456
208940
209788
210796
218836
210700
209672
208832
209512
212304
211492
210368
208616
211088
210364
210900
216804
211616
209468
211164
209904
213388
211140
213196
212436
207456
209412
211572
215976
209560
209868
212020
208448
206456
209280
207260
212080
208656
213004
209872
216272
211036
210932
210412
210440
209336
209268
209024
212384
212268
212536
210568
219388
211504
209668
211480
210388
210228
210164
209716
212600
212576
206960
219704
209568
210244
210388
209480
211476
209092
210152
212380
211936
210388
210636
216940
211388
208856
210876
211380
211192
211100
211256
207100
209076
210036
211700
217364
209468
209616
211020
211988
212360
209580
210340
208320
208648
211080
213432
217872
212164
210724
209064
212692
211184
211228
211640
209968
211176
208632
207772
219880
213528
211248
212064
212520
211616
213208
209008
212212
210912
211628
218376
211660
212904
211576
209420
211580
211088
211224
211512
209548
208956
208084
215576
210012
208764
210036
207720
209956
211264
210832
210824
211740
208308
210760
217996
211060
210684
212424
210000
213964
211168
210952
210452
209308
211844
211408
219876
212768
208512
211200
210564
210676
212016
210096
208980
210972
209144
212928
219152
210200
210064
211724
209512
210360
208372
210596
212168
212440
208608
220540
210212
211140
212444
210136
209272
208800
209596
211136
212228
211276
212956
219876
211692
211952
208520
208736
212600
212368
211904
211588
212716
210940
209072
218948
209928
210560
213004
210364
211232
211172
208728
210008
209844
212136
210904
219392
210300
209088
212572
211556
209184
208056
209884
211424
212524
208760
210324
220220
207440
211888
209708
210760
209156
212220
212772
206196
210536
211492
210932
220212
211400
210844
210116
207840
210532
209596
210488
212276
209900
211228
216900
212864
213548
212188
210300
211572
209740
212176
208384
210832
212120
212100
216336
209900
210780
210264
209876
213792
212096
212472
209800
210628
209380
211632
217672
212376
209976
211736
210968
211056
208132
209092
212208
212884
211296
213580
217432
211688
209116
209944
208688
211432
212232
210104
209300
210720
211820
209824
215352
211372
212992
212952
212376
208796
210680
206964
213452
209220
208956
216512
209184
210936
209276
212964
207884
211424
210316
211112
212496
209692
210564
220204
210644
209220
211388
210096
211840
210432
209436
211132
209252
211172
208512
220208
211012
209084
210252
210300
211644
212336
208284
210204
211116
210112
210040
218608
212216
211464
210132
208572
212224
211576
209492
209600
210536
210508
209864
215352
212520
211800
210916
209992
210044
212092
211316
209836
210992
209532
219528
208052
211152
212300
210152
209656
211300
212140
211352
208204
211680
210780
219856
211796
212016
209188
212332
210624
210328
209344
209868
211356
210224
211360
219944
211752
212544
209892
210716
209504
213144
212992
210448
211356
210752
207320
217460
208752
211380
211512
213488
213248
211684
209912
207968
210252
209560
211500
218436
211688
211800
208464
211776
212100
212200
211080
209788
207912
210980
216080
211992
210728
211236
212420
210720
210044
210560
212472
211524
212128
209024
219436
212212
210620
209360
211256
212216
209032
210112
208480
210888
211084
212392
217696
209604
210144
209920
211648
209532
210596
210244
210896
208340
211492
210500
219864
211552
212340
210596
211572
209668
208216
210676
213876
211488
210368
211036
217576
211472
209736
211296
209184
210916
209024
209516
210852
211896
211208
214888
210992
210328
208284
212504
210024
211392
211012
209924
211648
210736
209228
216464
209288
210864
210172
211148
210464
210572
212212
209992
209396
211056
211664
220276
210816
212804
209784
210088
213012
207972
210728
211664
210136
210708
211368
217680
210320
212052
211280
210244
210560
209716
208448
211636
210636
212392
211864
219124
211872
210340
207928
210856
213164
208728
212172
210880
210736
213136
212244
216748
210424
211116
211240
210544
212968
211400
209768
212904
210560
209120
218556
211856
211760
210696
209860
209820
209680
211976
211348
211568
207200
210924
217848
211064
209016
212888
211764
211220
207928
212052
211424
211496
211432
209632
222176
210788
208820
209196
210388
208188
208320
209448
210048
211340
213068
206620
217452
210212
210796
212740
210344
212280
210792
208656
208976
210092
211284
217064
213032
208068
211424
210020
211376
211068
211756
212736
210052
210008
210572
220208
211376
210564
209704
208732
212208
209000
210660
209448
207184
213252
209836
218016
211664
210076
211388
210220
209892
209552
209740
206880
209368
212068
212588
217824
211480
209932
211952
211900
209856
211200
210840
208348
211740
209996
207296
216400
212240
211700
210440
211452
212668
210288
212576
210684
211008
210668
215536
209432
210832
209288
211600
210732
212236
211480
206140
211436
211540
210516
219460
211932
209204
210996
211340
210980
213440
211592
208992
210064
209740
212752
217872
210080
212400
210532
211556
211764
212576
208508
212468
210164
210080
213324
217072
212656
211012
210436
210984
208344
210468
211680
211548
208724
211936
211528
214812
210020
209612
212384
209312
209592
211332
211164
213204
209096
209728
210424
215516
211988
212492
212804
211864
210416
212892
210236
210864
208348
211924
219288
210936
210656
209592
208768
212492
208548
212056
206160
212684
211508
210784
214512
211572
210812
208680
209956
213128
210304
210928
210172
208976
208568
210896
218412
210048
211632
211792
208988
210704
210060
212200
211960
208164
206824
209856
214792
209684
209512
208808
210068
210796
207532
211284
211388
209600
209328
211012
217820
210380
208660
213588
211252
211548
210212
210516
209804
212684
212560
216948
209560
211264
210060
207752
211084
213744
211676
211736
210220
207200
209980
218872
210320
210028
211364
210860
210528
210008
211340
211864
211228
211620
209248
216288
213088
209848
209072
211904
211672
211596
211500
207852
210580
210248
212468
216448
209992
212004
211092
212400
210668
213036
211264
210476
212820
210328
208632
216000
211184
210636
210636
211412
209672
211388
208968
213100
209784
211696
208324
219700
210552
209844
212460
212064
213068
212616
211168
213236
212812
210288
220552
213584
212240
207568
213244
210676
208996
211736
209500
208952
211628
209844
216560
211240
209164
210068
211676
211484
212016
211736
213820
213028
211756
207660
216364
211064
211508
211448
208056
209780
209192
211996
211048
209744
209664
209664
218848
209816
210548
211772
212428
212264
212348
211552
210000
211084
210300
219284
211516
210728
211684
211040
210552
210364
209740
211528
210472
207172
212028
217264
210932
213016
210208
209032
211264
209356
211276
210524
381952
212212
216184
208152
212760
212148
210076
210784
207888
209472
210072
210792
211640
212496
219108
209516
210992
208280
209988
209208
212012
208716
212244
212772
212016
211068
217888
208560
211168
209612
209032
210892
211724
210432
211036
209144
211900
211548
218832
211012
210724
212500
210932
210480
211152
211364
210440
210352
210464
208064
220748
210856
211776
211176
211636
212788
212120
211876
213180
210884
208556
220352
209020
209948
209212
212268
212068
210556
209768
212008
211428
208892
210756
216864
211676
209044
212960
212948
212360
209904
211572
209720
209800
210080
208676
221384
211976
210564
210828
206324
211488
210784
210108
211624
210284
209832
211164
218904
209852
210576
210576
208324
209328
211552
211324
211380
211872
210124
208956
219924
209788
211492
212236
210856
212368
209032
208192
211280
210684
210720
216336
212424
211088
212256
208500
212392
211708
210820
210684
212500
211080
209628
220252
211324
212744
211988
210864
211488
210544
210144
210792
211452
210424
211640
216856
210984
209536
209032
211720
210452
212348
209156
210640
211116
211264
210544
216384
211344
211564
209592
206612
208800
211416
209396
211288
210804
212168
209512
219600
212048
210476
213188
211984
211908
208984
212988
213032
210000
212496
217240
210240
209496
209272
210168
211608
213836
211376
207632
211980
209568
211664
216464
212300
211928
210092
210252
212652
211596
209540
212920
213000
212336
211924
217908
211188
212556
210728
209804
210328
211952
209736
211676
213184
211336
209792
220260
209188
211520
211936
212940
212752
210308
210384
208216
211728
211540
218812
210172
212328
210664
213324
212652
209464
212116
208712
210844
211940
213632
216228
210808
212220
211284
210900
209636
211460
210136
209748
212364
212036
209476
216524
212676
210788
211292
211276
211092
209436
209948
210640
209392
212116
210744
218088
211916
209116
208056
209684
208668
209860
212168
211064
211528
209632
210864
217216
211084
212276
210144
210460
209720
212680
213380
213140
210368
209328
220336
208828
211836
210012
211564
212820
212064
209340
212520
210380
211416
211976
219736
209740
211924
210660
208740
213048
209476
212708
211572
213784
211852
210732
216268
212348
211908
210884
211132
210756
209360
211724
209068
211184
207500
210640
218860
212140
211016
212392
209528
210788
209356
211048
211340
210296
210784
220744
209780
210604
210484
210872
209772
209836
209780
210328
212852
210580
211964
218992
209320
209844
211132
213220
212056
213472
212384
209740
213140
209388
210776
219900
211456
212136
210708
210720
212132
210056
208796
210012
209844
209340
211044
219164
210388
210036
210132
212492
209884
209836
209340
208852
210248
211144
210492
217304
213256
209232
209496
212816
210160
207424
208648
210696
210872
210392
211924
219984
209676
211412
208328
209732
210572
210020
208292
207664
211204
210952
220092
210352
212220
212124
211720
209680
210024
211176
212476
211032
213372
208064
221916
213040
211656
210648
212212
208032
208892
211772
208652
212316
211424
210744
218032
209352
211056
208904
212196
207280
212076
212508
209896
210444
210880
211836
218180
209696
210392
208636
210808
209936
211724
211028
209152
211636
209312
209612
220108
211288
211984
211084
209608
211696
209720
211616
209796
212864
209208
217856
213352
210724
206416
210896
211344
210104
210092
208800
213080
209072
212824
219696
210996
212188
212540
211224
209860
210932
209772
211372
212948
211272
210648
216920
211752
210488
212036
210820
210028
212088
207860
208100
210364
208296
209228
217608
208184
213348
211136
210312
210332
211264
209084
209236
211020
210556
208592
217072
207708
209700
211712
210200
210876
208792
212360
210996
210904
212736
218500
210368
209764
208528
211040
212324
209032
207676
210240
211088
209036
211448
216292
210020
207744
205396
213248
206964
211320
210908
210116
207872
208212
211008
216976
210440
212200
210752
213244
211340
208920
210868
210672
213320
212716
210252
217816
211120
207472
209208
212028
211972
211284
209096
211844
212784
211372
212292
218928
211032
212232
210908
212208
208796
209676
212428
212040
209420
210464
213720
217724
211140
212396
210872
208680
210952
211844
211392
209332
208692
360416
218064
210832
212220
209580
213072
207868
210156
210232
208276
210356
211748
216956
212328
209840
213352
211360
208924
208340
212048
212352
209380
208988
209752
217448
210260
209020
211064
212628
209068
213704
211008
211748
211392
212508
211864
216596
210216
212700
210052
210672
210040
207220
208468
210476
211092
210248
213812
215476
210344
211344
208848
208624
211056
212556
213496
213256
209144
210616
211236
216860
210100
211628
211412
208604
209896
210372
211804
209500
206940
211864
211324
216888
210608
210756
212604
208616
209844
212412
210724
209844
209688
210120
218116
211700
212144
211364
210912
208952
211476
210180
210400
212524
211904
210352
216220
210584
208240
213340
210976
210036
210016
211212
207764
207496
212148
210176
214368
210052
210036
210668
210080
212876
213292
213672
210876
214608
208652
209564
217020
210668
210852
211336
212932
208764
211968
212140
211392
211416
212096
210596
217088
207952
211104
210860
211452
208568
212640
209800
211372
211444
209404
219548
213036
209764
207756
210220
211916
209592
210408
210672
210496
212084
213052
220580
208580
210368
212412
212164
212084
212028
212024
209460
210488
213428
211848
216592
209588
210416
207908
210844
214200
210300
211992
212272
211912
212084
210384
218864
210976
208828
210616
211264
211984
211064
209396
209052
209108
211236
209900
216868
212144
210708
211436
210484
213872
209860
210332
209356
211480
211328
217132
211604
212948
213224
210684
211852
210932
209400
208688
209084
212400
212444
219168
211260
212164
210312
210136
212716
208692
212324
210460
208916
209988
211856
215560
212168
214080
212168
210720
209364
212328
211084
210436
209460
207824
211800
217188
209992
212344
213104
212172
211720
207028
209496
210732
211908
212180
218796
210320
211320
211928
209180
210484
209144
210948
211836
210684
209964
210716
217600
211888
210440
209940
208316
211104
211124
211760
211124
210576
213408
209052
218272
208892
212400
210692
210556
210976
209940
210932
210120
212340
211108
211064
214016
210600
209732
212300
211776
211384
211116
212720
211956
210980
208604
210012
217792
211376
210420
210688
210308
210164
210120
210932
211044
208960
210948
216348
210936
209592
212616
210076
210548
210704
211572
211808
212028
209376
211748
218712
211328
208344
207716
212324
210952
211512
209776
211800
211080
210388
211644
217484
209496
211168
210504
210604
213352
212316
210852
212848
210600
211404
209208
215396
211264
209280
211428
210316
212624
210004
210232
212596
212196
210068
209048
218136
208968
210932
210080
211196
210808
210900
208748
211748
212888
211796
218320
211520
209636
209980
212192
208880
212276
210788
209916
211132
209108
210696
217984
211176
213640
210668
211060
210396
210384
209276
209552
211972
212460
211580
216788
213668
210904
209448
211780
210260
211940
211788
212388
212296
212376
210032
218656
209204
207824
213164
209608
211860
209524
212184
212296
210692
210052
212972
215940
210416
211724
210480
211260
209996
210368
211824
211476
209916
209752
217172
210144
211520
211428
209548
209736
210248
212588
211336
210364
212184
210680
217824
208952
209884
210540
212920
210056
206464
211492
212128
211916
211152
209408
218156
211304
209060
211756
207864
211120
211404
207320
210564
209636
206912
212364
219308
210420
211376
211296
209396
210428
211760
209236
211120
211380
211796
212824
218756
213564
214812
210648
209888
212012
209824
209552
212184
210068
213376
211164
216904
206208
211388
210896
212100
209584
212616
209520
211028
211464
212496
216364
210020
211348
211608
210208
207788
210492
209552
209136
210712
210672
210316
218824
211920
212204
212676
211272
209260
210836
212184
209288
211384
210996
206492
218428
211572
211316
211804
211988
210220
208196
207956
210956
211272
207228
211552
219384
210232
210112
211488
210576
210220
208216
210528
211572
212036
210264
208476
218184
213936
211472
212420
211492
212844
212076
212868
211656
212864
209552
219192
209564
210272
210324
210168
210472
209316
210344
210684
211024
211324
211604
218928
212652
209236
208324
211244
211348
212660
210908
213144
209504
209796
209568
216976
211720
210304
212908
210708
211836
211064
211940
212568
209224
212692
213456
219552
210444
211932
210236
212204
210124
210988
210336
210256
208320
210304
210052
220084
211032
209744
210408
211404
212200
207448
211424
207144
212488
209584
222676
212480
211320
213580
208312
211584
208396
210264
209164
210248
211296
210344
217776
209524
211176
211136
209192
212744
211320
213040
209088
211000
208788
211032
217700
209428
209736
209224
209688
213180
213416
210108
211752
210904
209496
208220
219080
206876
211472
210980
209860
209824
211416
210088
210016
210700
209580
209676
218616
211708
211120
210184
211544
210096
207060
212440
211680
210720
211824
217344
211356
211980
209388
210816
211016
211488
212972
211368
211712
213044
214296
213984
209740
211192
211500
212888
209708
212880
212648
210256
211576
207888
212828
215012
211540
212480
212800
211156
210012
210576
208668
210960
208220
210452
210368
217208
210460
211124
211588
209720
212720
210540
212008
209960
211776
211084
207056
218416
211340
211820
210288
212124
211072
211648
209300
211480
212444
213732
220756
209652
211788
212516
210244
211120
210036
212852
211372
213348
210824
210760
217440
209160
207336
212180
211464
208696
209024
209620
212160
210412
210484
209708
221272
212536
210128
211656
209180
206784
212228
211408
211940
208840
209156
208428
216768
211812
207544
211860
212008
211920
211660
211528
212696
212516
209552
208972
218016
210816
209828
212916
211372
210096
208884
210296
211912
211548
209984
216544
212324
211608
208316
208996
207540
208016
213768
209716
212724
209760
211680
216924
210944
211340
208780
208920
210200
207608
210936
208280
210824
210952
213584
218240
210800
212152
209636
211140
210124
209776
214184
209092
212392
212592
213568
219764
211144
211000
211940
208884
210548
210516
210868
210848
208052
210900
211256
217060
209320
212916
209016
210292
210048
210876
210120
210676
208132
210932
216912
212804
211644
212420
210068
210856
209076
212532
210880
213040
212580
211484
215148
211052
208548
209856
211604
211652
210072
211200
210004
209952
209984
211900
218152
213244
211508
210576
209436
208168
211208
211832
211600
210208
210488
211120
219408
211888
211972
210508
211872
213796
213264
212676
211368
212836
210428
211236
217348
211152
210636
212860
211620
211920
207684
210004
210324
210688
210420
214660
209628
210416
210284
210256
211700
210748
209520
213040
209324
210324
212676
217568
211112
208072
211244
211088
209812
212180
207464
210936
212712
210720
209784
219260
211040
210048
212444
211576
211456
210460
209136
211568
209200
208352
211292
217364
208864
211048
213908
211392
209588
207832
213116
209916
211256
210440
210708
219612
212892
209784
210900
212432
210860
211228
211292
209584
213044
211300
218000
211372
210744
210024
211596
210840
210920
210632
210832
211908
213140
210928
219164
209116
212476
211684
209984
210968
210832
211608
209628
209288
212304
212532
221208
209908
211316
210656
210676
210444
212288
208776
212880
209912
211780
211736
219276
211240
208660
212956
209196
211356
211164
211084
209048
209264
211952
212320
215812
211264
208972
211452
211984
208800
210992
211700
212468
211988
210284
216804
211752
211596
211588
212460
210712
210368
210192
210212
208212
212040
209836
216152
212900
211820
210612
212128
210744
212752
212800
207656
209908
208988
209000
218916
211868
207776
211120
212480
208668
209384
214012
211360
210376
212204
211176
216796
211268
208924
209748
209676
212716
213108
208564
211136
211520
209672
212260
216148
210924
211360
209564
209880
210860
212512
211336
211956
208448
213244
215272
210324
210260
212676
209740
208452
212612
210184
211384
211492
209584
208640
218024
209632
213084
212112
210140
209664
209444
211824
211292
211992
210748
211104
218848
209612
211128
213724
209660
213232
211856
211164
212748
211808
210488
210372
217700
214480
211112
210132
209384
209792
211036
209176
209364
211424
209536
211216
217004
209872
208140
211168
211144
210572
210192
210676
211472
211848
212076
218396
210448
212792
210720
209596
210340
211472
209520
210588
212732
211412
210056
218392
211480
210060
208376
210756
209276
208532
211200
209864
208112
208892
210508
215940
209764
210608
211700
211112
210468
211324
210824
210684
210464
208640
211972
215740
211316
210700
209112
212924
211840
209568
209932
211732
209968
209040
211612
218652
213672
209124
209920
212204
210700
208904
208488
210812
212444
212240
208248
215920
207684
209904
210596
210392
209708
213024
211248
212536
209792
211876
218048
209728
210544
211152
211192
211008
209520
211356
212036
212904
211504
211564
216436
207116
209832
210124
210636
212328
208040
209184
209756
211024
206928
210556
216024
212088
210140
210960
210400
210076
210500
211788
209780
210692
208344
209684
217016
211372
211440
211868
211136
208536
212508
210204
210932
211384
210508
209636
218828
209436
211748
211696
211472
212708
211944
211172
208216
208440
209224
215664
209940
208588
211972
209264
209776
211064
210472
208176
212092
209848
209660
217728
211924
212392
207772
210896
208392
212144
209156
212156
209924
211128
211076
219368
211532
212272
210472
213596
208816
211324
210244
212856
210196
212428
211956
217404
210320
207104
210772
211628
213172
214612
209292
209784
211732
210564
212012
217548
212420
210624
208692
209152
211484
212568
211528
213096
208916
209764
211308
222028
209600
212280
211460
211560
211676
209024
210568
208896
209188
210280
219208
210872
210404
207536
212084
211808
206184
212044
209060
210216
212184
210404
218356
211288
213936
211848
210752
208624
211360
209288
207736
207912
209320
208516
217788
211080
209716
210348
210540
211540
209456
211540
207552
210056
211272
210120
214840
210100
209064
212624
212100
211684
211656
211780
210764
211964
210276
210908
217148
211160
210832
211156
211112
209716
210564
209956
211952
211148
209200
219852
209988
210528
211132
208692
211564
210488
213616
210316
210216
208180
211256
217820
208416
212400
210708
211956
207556
212036
211732
212392
209540
211804
208120
217276
211828
212516
212916
211008
210628
211704
210392
210356
210696
210884
211684
216620
212364
211132
209888
210200
208924
209744
210832
210552
208916
210604
209224
215804
209364
210204
209400
211996
210608
209884
209556
209152
207612
211272
216752
210204
208448
209724
210176
210760
209512
211596
210360
210336
212884
210232
218584
212772
209888
210820
210700
210636
210644
211312
210280
207584
211984
211532
216028
209888
208748
209572
208188
210568
211044
209948
211648
210192
210952
211188
218040
211140
210648
209380
208280
211776
211640
211940
208528
209952
212508
210876
217460
212976
211224
212080
209076
207112
209336
210780
210884
209540
210044
211964
215312
212212
211756
210840
212924
211140
211188
210224
210436
210348
209196
218480
210780
212616
213272
212740
210768
211264
211020
211768
209480
210764
209136
219088
211172
212828
209500
211772
209436
208984
211184
210988
211208
210244
211100
215388
209708
209476
211508
209296
211316
207400
212532
212644
212356
211644
211288
219856
211820
211768
209984
212260
208176
211616
209992
209596
209868
209104
210876
219164
212756
211060
209908
211996
210968
209728
209880
212200
212280
209304
217268
212628
212616
211228
209824
211140
210564
213952
210672
210180
210464
210792
216956
211960
210792
210724
210852
210740
210252
208424
209948
211664
210720
207964
218132
206112
210720
212124
210484
210012
210564
211664
210824
207864
210088
212468
218520
211220
210616
212760
209852
212356
211984
211800
208800
210252
211660
209580
218988
209172
211268
209692
210296
210048
210752
213124
211664
210244
211664
219600
210112
212688
211740
209452
209404
211184
209456
209848
210828
209460
206352
215684
208820
209088
211620
212256
211752
209372
212436
211564
210520
211272
209276
219080
212060
209884
214484
209728
210500
210096
210064
210132
211032
210880
210944
218504
210628
214212
210256
212012
207528
211816
211976
210476
211476
208344
211096
221296
213520
209384
210336
210508
209132
210048
209912
211376
209316
212356
216268
213180
210944
211680
209040
212588
211636
211524
212024
211488
213564
213188
220816
211368
210748
209360
212036
210452
210420
210936
212432
208124
211196
212220
222668
210384
211352
212760
212868
211088
212388
211756
210968
210088
210620
211752
220592
213540
211328
210324
213084
213548
211256
208844
209172
212036
210100
211896
221308
211456
210008
211936
211412
207472
210772
209408
210412
208212
211308
218240
210556
211540
210644
211552
210964
208592
209280
210364
212204
209752
208192
221640
210208
210200
209264
210992
209676
210012
209752
211428
208600
211832
208784
220916
208164
210688
211088
210888
212624
211244
208684
212664
211284
210660
211348
219952
211316
211000
211328
209244
210324
210644
212356
211004
212448
209992
208144
223504
209468
209524
210612
213676
212204
207888
210956
210664
209572
212360
220320
208276
212420
210448
208584
212408
211484
211388
211420
210688
212464
209100
215552
209168
208464
213124
211236
211332
211060
213300
211252
210220
210640
210808
218392
212088
211900
208472
209036
209856
210504
208128
212676
212204
209584
210068
219116
210424
211972
208924
212304
212928
210676
210444
210044
213092
212832
209380
220920
212112
208648
210656
210672
211564
210444
208960
210756
212512
210324
216508
211340
212180
210432
209888
211352
208572
209556
210468
210620
209852
211108
218736
211044
210080
210512
211408
210736
213008
212424
211972
211084
211012
212500
219648
210160
208224
210296
211136
212488
212680
209888
207580
213448
209356
210708
217140
210644
212408
209928
210240
210240
211256
210268
210268
208968
210208
207928
218872
212084
209984
211320
207732
211420
211072
211656
210584
208280
211456
216856
213848
210948
209948
210740
210532
210048
210368
212004
213152
211812
213424
217140
210912
210396
208044
210660
210572
211500
211732
208872
210820
209216
211764
217456
208896
211232
209372
211568
208844
209924
210832
212344
209184
213452
210300
218412
212256
210812
209736
213228
213712
210096
211480
211824
212068
208656
221464
210732
209740
211608
209548
210420
210408
208696
210584
210708
211008
210012
217512
206416
211024
210904
210480
210020
208628
212296
211604
209804
211188
208244
220028
210720
209224
211044
209700
210320
211736
211156
211980
211272
211028
209428
218360
209892
212548
210108
210020
210576
211932
210388
210504
209916
212464
209660
217152
210772
210344
211904
212556
209040
212012
212332
212472
209584
210880
209364
220188
213468
208732
211384
212904
211092
209136
211304
208340
209456
208148
217044
210944
213072
209908
211092
210416
214216
211804
212864
210080
210592
209724
217964
212092
210424
211032
209776
210684
210560
209732
208680
211300
212504
214028
218444
213460
212680
210908
211980
209512
210416
211044
212036
210980
208632
210708
219008
211172
209792
210632
209112
209988
211916
210928
212952
209692
210816
214052
220032
210680
211320
207696
209944
211256
213612
210728
211804
211824
208664
215888
210860
213096
210644
211844
211184
208620
211896
211300
209436
208952
210804
218800
211536
209404
209916
210544
208728
212428
209584
210292
211748
212508
211732
217060
211892
208464
208500
211736
212500
210256
208092
209720
211476
213112
211036
215628
209372
206156
210400
212852
209960
211732
209904
209772
210768
208160
210960
215728
210848
213060
207472
210776
212780
211568
210928
212428
208724
211764
214692
210356
210624
211132
211912
210340
211284
210432
213328
212916
211444
211968
219588
210164
211392
207836
211492
209764
210604
210012
211084
210516
211892
212248
217260
211052
210120
211400
211316
208244
210112
211732
211368
212564
210192
208660
218364
212480
207708
211112
209936
208788
210184
209440
211076
210708
209684
210108
216288
209252
207716
210732
209712
213428
211336
212608
212056
208596
210600
210140
216560
207328
212484
210660
213400
208200
212412
213008
209780
212144
210156
216864
207812
210828
214012
210428
209492
212124
210080
209092
210228
209128
212336
217912
213236
210072
211352
209760
212972
210748
212228
212784
211192
209648
208936
220304
208032
211476
211444
211712
209916
212352
209952
210856
210516
211376
211752
218280
209868
211324
212344
209604
210760
208804
208264
210996
213632
211212
210612
215020
211300
212180
210360
209468
210944
211752
211032
209996
207528
210088
217308
211912
210464
210528
211956
210744
210320
210972
211656
213072
213272
211284
219128
211840
212076
209992
211568
208796
210116
212000
209836
210140
210896
209512
218184
210852
209000
209568
208656
211084
210900
212848
211280
210120
211964
209640
215940
210920
210912
210884
210660
207444
211084
210696
212320
209044
208400
211924
215288
212824
211136
211080
208508
207936
209532
212372
210704
210488
209196
217792
209576
212004
210252
211564
211184
211100
209384
211476
213400
211420
209844
219032
211900
213032
211168
210304
210536
210160
210672
210300
210376
208796
210712
221348
209916
212280
210932
211308
211624
211512
207848
209204
211932
210252
211960
217928
211108
211276
212188
212608
210112
209668
211356
213336
206868
211628
210264
222772
208592
209872
208820
213832
209600
210416
208512
210232
209256
210272
218712
209584
212048
210652
212452
211316
209416
210704
211360
210676
211016
211216
217876
212484
210216
211248
210980
212396
209508
209992
212236
211544
213012
210668
217840
210996
212640
209680
211168
211988
209248
208824
212828
209724
212580
211928
215792
213076
210844
210320
210452
210860
214496
212936
210828
210892
210292
206720
216816
211928
210008
211588
210948
212264
210364
210064
211852
212044
210288
218936
209548
212392
209044
209680
209436
212308
211508
209324
211520
213112
210076
218848
212432
210668
212252
210380
210468
207828
212040
212276
212096
211556
212308
217316
212872
209220
209964
209688
211872
210452
211004
209144
211412
211784
211760
219440
211616
210424
212844
210512
209488
209648
211972
210232
209976
210504
209524
219184
209672
210552
210972
210504
211536
207316
212068
212032
209208
210272
219536
209116
207100
213220
210180
211312
209508
210800
210864
212064
212288
210940
216540
211476
211384
210312
209892
212380
212996
211832
211732
212192
211728
210664
220096
215084
211716
211748
212936
211020
211100
208532
210312
208576
212200
210068
218616
209996
212408
211904
213336
211016
212104
211344
210064
211076
209308
216212
212072
212612
211252
211552
210296
210068
210308
212644
211208
210128
212932
216704
212616
207916
211788
208352
211040
211632
209364
210176
210972
212408
209228
217952
211208
210160
209492
212240
210136
208836
211376
212316
208692
210396
211444
217712
210308
209800
212152
210204
211916
212052
211508
209560
209996
208328
210468
216428
211600
208904
213768
211112
213852
210772
208360
209424
210824
212252
218636
210844
213288
212112
213148
210616
211808
211212
210864
210248
209604
210788
219744
209884
210308
212100
211180
211080
210548
209708
211084
211364
210392
210596
218396
212312
213756
212456
209208
210124
213024
213964
211952
208664
211948
212988
218488
211484
210632
210676
211964
210852
208632
206860
211860
211900
211712
206628
214340
210076
208780
209576
209244
211532
210540
213800
212452
212080
210180
216744
209656
209360
209568
212032
209072
210056
210808
212080
209416
211256
210844
214852
210840
212384
210824
208888
213108
210412
211464
209712
208740
208972
209128
216768
210552
211820
210932
208956
210592
209524
209156
211584
210744
211444
210072
216236
211336
211420
212420
211300
209300
210960
210004
211848
210828
211564
208108
216944
210200
207944
211360
212620
211376
210112
209488
210032
211212
214072
207764
219500
211032
209932
210456
210252
213604
213772
208536
209548
212172
211632
219224
211100
211220
211900
211792
212060
206756
211468
210984
212728
210788
212360
219944
212848
209052
208824
210056
210860
213596
211576
211260
208692
210100
209072
217048
211504
212296
212380
210160
209932
211032
209172
210848
211424
205408
210488
221044
212372
211320
210856
210044
211620
209768
214488
211324
212864
210320
210548
216852
211268
209280
211116
208720
210968
210568
208028
210604
210024
211008
217744
210992
210372
212080
209364
212528
212204
210368
211516
213600
210524
209624
218996
208240
211192
211484
208600
211164
209732
207964
211288
211940
213720
212308
214504
212000
212080
210356
212200
209640
211204
209760
208176
210608
209988
212132
218316
208180
205160
211528
211996
212944
212224
211864
210672
209164
210612
209160
216696
210448
212068
211176
210888
209616
213452
209600
211752
210820
209280
219392
209404
208636
210960
211976
210572
208372
211404
209828
210248
209900
207896
218376
209712
210584
211500
210180
207616
209876
210652
211604
211504
211640
208728
218332
211244
209072
208280
212052
211888
208876
212432
210972
210684
213168
210564
219964
211052
211084
211524
209488
210444
211668
210960
211720
213724
212336
208612
220556
209180
210512
211340
212804
211680
210924
208808
210236
211648
211112
209976
218524
210284
210444
208304
210076
211312
208556
208568
211536
210148
210416
219780
210740
212944
210704
212512
213552
208612
212036
211284
211972
210616
212124
217204
210340
208588
211484
209928
212840
212376
211136
210972
207732
210708
212780
219664
213012
208872
209076
208388
208804
212744
208512
208696
211244
210704
211500
219256
212704
210936
213140
210728
208900
209792
210712
212084
210128
211332
212860
220952
208432
208804
212980
210508
210544
210892
210428
210132
211436
210428
219224
210424
212040
211184
209108
207976
208412
211112
210536
209812
209576
212296
218060
210168
210556
210968
211812
208412
212044
208140
213728
208540
207332
211964
216812
211304
211344
210596
213076
210980
208864
209948
212384
209964
211144
211032
220756
211492
210140
210820
210312
209464
209020
209628
209612
212860
212532
212008
221104
210292
211264
211044
212300
207876
211972
211260
210636
212116
208820
219960
210920
212924
209824
212072
212232
209636
210204
211592
208836
212700
211044
217036
210224
212220
211772
208020
208688
212124
210840
210752
211824
208592
210620
217504
210700
209692
211572
211740
209796
209620
212812
212728
212792
210468
211092
219040
209808
209980
209344
213340
212096
211160
210452
210184
210140
211104
209112
218808
208288
210472
211772
211312
207956
209604
209944
208080
210528
212012
216464
210344
211072
212192
210920
206960
211412
210540
209900
211912
211292
210064
218720
210360
210248
210472
210500
212684
207028
210744
212652
210184
211316
212056
219632
209808
210972
209948
209248
210804
212344
209964
208596
211140
211988
211852
218952
212476
208692
211836
213608
212440
208096
211888
210672
211316
210240
211984
215968
209064
213036
210700
213368
212184
211980
211160
212348
210588
210848
215776
212204
210884
209808
211836
211028
212604
210904
211580
212100
208440
210512
215504
210660
209800
211732
212536
211300
211004
212344
208956
210208
212920
210124
220092
211332
213172
211756
209344
211676
208940
212628
211820
210036
210508
211744
216444
213236
211356
210324
210448
212588
211852
210356
209792
211016
207840
211260
217936
211824
212968
211200
209244
208992
208608
208816
211092
211884
211552
220476
210168
208196
211776
209716
210096
210300
209172
210284
213692
210212
208116
220148
212452
211572
211364
211148
210104
209960
209876
209440
210532
209424
210508
217080
208968
208604
209864
211476
210800
210816
211556
209748
212352
210224
211356
216824
211084
210424
209584
212020
211784
210404
210368
212492
210308
211228
211776
218112
211248
211704
213844
209500
210860
214384
210848
209844
208652
211236
215908
211332
210076
207296
209084
211092
209816
208652
212288
210756
208352
210284
216436
207416
212132
211824
211476
212324
208928
209356
209856
212292
212864
212792
219768
211696
211688
209044
207524
209812
211048
212676
209556
210972
211456
212332
221240
211936
211020
210288
213160
211372
210008
212088
209100
210380
209752
210088
219032
211432
211660
209428
209828
209440
211676
211548
211568
211320
210348
220236
207232
211428
212464
212812
211328
210864
212388
211416
209104
211756
211560
217460
212308
212604
208184
211604
210104
208544
211124
210876
211716
208212
209040
216504
211996
209100
209088
208644
211364
210784
210812
210744
208972
209952
210776
215700
212856
209348
211324
209112
210480
210388
211052
207476
210632
211236
210136
218056
210816
212188
210764
207600
209704
210900
212820
210880
210160
211256
209488
217136
210788
210812
210636
209444
211040
211072
210132
211624
211064
208884
218068
210572
210232
209528
211444
212480
212600
212824
209436
210908
211868
211464
217100
211312
212408
210608
212852
209884
211592
210440
209712
210840
208856
207772
224328
208656
213012
212060
211776
210436
210256
207508
209660
211924
210528
210760
217732
210092
208848
208572
211468
209976
208224
210680
211432
213076
211524
212304
214632
210784
212432
208268
211488
212040
211048
212656
208112
211240
210488
217156
208976
209244
209592
210152
210340
210380
211424
209596
209980
210360
208928
215396
211012
210936
209744
211368
210208
212436
211184
211428
209856
209424
208144
218916
208036
210428
211720
209184
212284
209776
213092
208132
209692
209080
211868
218448
210692
212496
211696
211356
212956
210020
209684
209620
210700
210316
211804
220800
211060
209248
208824
210840
210088
211744
210108
210768
210800
209876
219972
211812
210976
212580
212452
208604
210784
211416
211784
212876
210304
209892
215516
208344
210420
208744
212452
212672
209164
211144
212000
209784
210404
210608
217596
210700
209816
212160
208768
211444
212276
211016
211468
210472
210620
209080
218816
210016
208820
209284
211176
210356
211968
210772
208844
213700
210536
210292
217808
210872
212036
210884
210764
211076
211036
208104
210392
207452
212852
212340
218784
209328
211300
210268
210920
209560
210048
209296
212864
210432
212584
217300
210892
208960
210360
210332
211220
208716
207348
210324
209696
210828
209092
219312
212308
210440
210856
210064
213280
209308
211784
207716
211416
210004
212340
218892
208256
209432
209092
210000
210004
209800
209504
209240
211504
212284
209308
216436
209396
209448
210808
211308
210976
211336
210468
208932
212660
209248
211236
217508
211972
212904
210824
211192
210124
214520
210196
208460
208716
210324
219736
208972
211384
209732
213812
210888
210328
210008
209744
209620
212420
210792
217452
209816
209296
212324
213448
208928
211540
212616
210168
209400
211144
209896
217296
208652
212348
212152
207504
211168
213404
211428
211280
210340
210724
210224
217292
209572
210272
211132
209840
211344
208236
208888
208032
210572
210728
212356
220036
208528
213652
212376
210260
211364
210680
208488
208204
211152
211688
215780
213180
210288
212572
208988
211604
210244
211092
211020
212640
210472
211880
219452
209040
209804
209576
211880
211680
209692
211120
211820
210124
212392
212928
213744
210936
208816
210804
212996
211864
211828
210444
211488
208572
213116
211232
215044
211816
210928
212060
210844
208804
211780
209572
209720
208736
208204
212980
216412
212560
211960
210196
208468
210432
213244
213356
212232
210740
211260
219460
209964
210348
208716
210192
208928
211456
210932
209300
211764
211776
213736
219940
209144
211704
213308
210140
211068
210108
208412
211140
211524
213480
209556
217708
207832
211412
210824
208992
210508
207108
213028
211608
211784
209184
208468
217592
210076
211220
210068
210572
209480
209940
211264
213272
210524
211888
211624
217972
209844
211900
207612
212756
212268
211812
208728
208628
211168
210760
217588
211440
209252
213652
209952
212144
210632
209496
213072
212488
211932
211252
217972
212528
212964
213076
211564
209632
213148
212472
211644
208732
211868
212340
215256
212612
210212
211904
211080
212528
211032
211628
211636
209428
208532
211604
217364
211980
213168
210956
210732
208468
212696
212072
210212
211412
209948
210984
217124
210252
212112
211628
211600
211824
211044
208356
209180
209920
210228
218288
211488
211976
210428
209740
211764
211948
211684
212992
211772
210196
212800
217060
209460
210284
211456
212460
212380
209676
208900
208076
210536
210552
208476
217940
208688
210608
212888
209876
212848
210700
207064
209956
209832
211120
210124
218132
213200
211192
210228
210296
210444
211260
212076
208272
212080
210876
210016
218472
211668
212076
209980
209848
209972
211308
211112
211332
211076
213320
219840
211616
212056
212816
209272
209584
213160
212496
212100
211552
211156
207520
216444
211860
212004
210340
210556
210932
210036
212240
210408
207992
209332
209496
218592
210132
210284
210888
212856
210336
209468
210136
211360
206952
212116
210476
219248
210500
208564
209036
210772
207516
210596
209092
212268
210148
212252
211288
218804
209248
212444
209804
211940
211232
209424
207944
213244
210140
209980
209724
217808
211540
209100
210836
209232
209908
212828
208060
210232
210864
210884
218348
211596
211260
212360
209988
210696
209868
213248
212564
210824
212064
212300
216816
214136
211364
208260
209284
211208
209184
209964
212008
210332
211520
209320
217708
210068
212484
208184
210640
211124
212976
211532
211180
211740
210312
210608
216428
211752
211304
206776
209972
210532
213492
209868
211620
210468
209116
210352
218500
213636
210776
212388
209324
210968
210108
211584
209872
211780
212192
217036
212648
210652
212388
208200
207872
209252
208224
210128
210104
210072
211996
217760
211064
210084
211052
210992
209064
211260
211676
210000
209844
209764
209984
217396
211156
210800
207304
212684
211868
209304
211124
212232
210496
211212
211044
215840
211332
212600
209692
209200
208916
209512
210424
213496
209352
209768
210256
217136
210952
209708
211868
209924
208528
213268
210516
209324
212520
211960
217864
211932
210252
209208
210772
210156
210356
212276
210412
211780
210488
210176
216948
209560
212060
209192
209752
211408
210380
210032
208304
210384
211440
208272
219168
210620
211140
208640
210484
210632
212008
210840
211332
212300
210392
211164
217356
211888
211088
211476
210756
208744
210276
209704
210796
211684
209700
208816
221072
210964
212064
210856
213884
210220
210828
211616
212624
209680
212604
211148
218628
209764
209444
213056
209724
211728
210624
209860
211552
210104
210376
216440
210380
210188
210656
210280
210060
210044
211732
209536
210660
211432
210944
219348
211224
209964
209144
209824
209560
212428
211136
208652
212176
211224
211552
216780
211496
212344
212496
212220
210768
210764
210252
212508
209952
210660
208764
221028
210660
210452
210228
210156
210024
212344
207688
211488
212008
211320
211272
215020
212620
206404
209600
211628
210944
210080
210364
210676
210344
210480
219916
210068
211080
212240
211192
208976
212272
209556
211952
210708
212196
208960
222228
210436
208744
211972
212172
209440
212012
212540
212580
208844
210600
210928
217292
213140
210308
211604
211632
210644
209836
212728
211916
208868
211624
210940
217536
208372
211288
211128
210860
211392
211804
210648
209324
212456
210596
215540
210256
210384
211320
210064
210536
209328
210952
211508
208336
211640
211096
216864
210036
210140
211472
208024
211708
211968
211696
210848
209812
210044
210724
218072
210460
210300
208816
210676
208280
210060
211596
210572
210468
207384
210320
216640
208192
210064
210104
209412
210412
212176
211348
210712
209384
212220
212616
216716
210516
209336
210864
209768
209520
211616
210404
211300
211900
206584
209388
217108
209944
209776
208532
210460
211080
212860
212648
209948
208920
209856
219188
211308
209716
211496
212808
209520
208508
212872
209828
212932
212328
211092
218500
209220
211544
209848
212232
212976
209128
211216
210064
210336
209900
211248
216136
210840
210652
210496
209488
211296
210964
211396
210352
210576
209812
211156
216760
209600
211592
212072
210668
208760
210528
209672
210208
211260
208892
210824
216272
209680
208648
212152
211732
209484
211604
210052
210632
210980
208768
212148
215800
211800
209492
211368
211164
211416
210052
209996
212024
211880
212448
220316
210756
210000
210460
208916
210512
208232
210032
208576
210860
209676
209980
217948
211704
211652
206896
212036
213444
211356
210412
211300
209524
211168
210344
219120
212092
210592
210404
213920
211036
211536
208952
210768
210532
208432
208448
215144
212588
211172
212116
212060
211268
208860
210068
211372
211120
214012
211640
220472
209856
208680
209700
211200
210248
212832
211008
210696
211148
208244
219708
210956
211152
210696
209656
212860
210984
206756
212260
211688
214000
208552
219280
209692
211452
210084
210076
210136
212484
210464
211932
211028
209340
209816
218048
211720
211300
212588
212288
213204
210204
210876
212088
210920
209744
209620
217168
206816
212528
208288
210264
212340
207588
209192
211048
211952
212208
209912
219144
211624
209864
213120
209556
210328
211060
211816
212412
209948
211308
217060
211240
211392
211168
210284
209380
208912
210280
211380
211224
212944
210144
217532
211420
208296
210944
211828
209480
209688
208676
210992
208400
212256
212968
217076
210460
209808
210384
212592
212184
210740
210844
209692
211216
210568
211512
214928
210184
210976
210208
211520
212280
212864
211240
211840
211756
213152
209736
216136
211712
211236
211508
209700
211360
212036
208796
210880
213200
210452
218384
209924
210564
212672
208056
210544
209648
212052
211876
212356
211452
209592
216152
211272
211872
211272
211892
211468
212300
210096
209972
208024
211056
207492
217564
210700
214572
210172
212700
209468
212208
210728
209496
210804
211172
209968
220900
209820
209328
208632
210200
209652
212116
211040
210624
208844
211608
212352
218396
211000
209888
209940
211364
209800
211056
213292
211420
212528
211152
218344
208476
209480
211412
212420
212488
211456
212216
212712
211744
209004
209060
216424
213200
210228
210148
210424
209664
209840
212072
208772
211280
207580
211036
216024
210928
209336
209768
207848
212352
211240
210260
210296
209584
210860
210108
217640
211988
211520
211912
209016
209340
211236
213180
211872
210964
211848
211636
220760
210296
209768
210100
212296
212124
207884
208768
209532
211096
212224
219840
208784
211384
210160
211592
209096
207712
207488
210408
210044
210960
210836
216572
211788
210320
212128
210760
210928
208356
210980
209688
209928
212496
210180
216140
210292
212100
211044
211688
211196
210228
212636
211032
212904
210592
211852
216032
211340
209832
212676
209612
209432
212904
210516
208000
208068
209932
210948
219520
213460
210804
210268
211488
211260
210708
209856
211460
209864
211112
212612
219364
212096
212776
210712
210312
211432
211432
210672
210060
210896
211404
217440
211608
211320
209036
209628
212764
210920
211280
209836
210396
210016
211224
219548
210236
209812
212584
212968
212312
211344
208964
210320
210204
208928
211572
216336
208928
210612
211908
211536
212464
211880
212384
211008
212788
210568
208548
218196
210800
211064
206612
210932
210636
211232
210500
209572
210404
212560
218880
211860
210748
212892
211012
210568
208504
212592
211028
208240
208596
209164
216860
212420
210260
209220
211148
208804
211620
210532
208440
209844
209920
211680
215660
211076
211272
213436
212624
210388
209448
210196
211004
210400
210384
209528
220400
210820
212080
209868
210480
210336
211176
210508
209720
212136
210836
209352
219184
211320
211076
211308
209128
210360
209400
210212
210324
209304
210068
218484
210540
210804
211264
211144
208152
210116
210008
209572
211604
212984
206252
216480
211816
208776
209300
210272
211880
210980
210372
211764
208916
210752
212272
216136
212280
212824
211260
208968
205404
210248
210372
210812
210564
212964
210772
218608
213272
209468
211828
211748
210868
210784
207696
211484
211736
209980
210576
217956
211256
211104
209640
209752
209608
210040
210688
212300
209912
211248
211156
216104
209880
210344
209836
210576
209404
210440
210200
208748
208224
210732
217472
212072
212844
211408
211604
208608
211908
210468
212036
211588
211108
208860
218960
209712
211548
209360
212424
211388
208672
208984
207940
213836
212364
210464
218852
211344
211608
209916
211184
212368
208308
213100
212004
213208
211756
210944
216176
209452
210428
209056
211272
210100
212412
211348
211664
210356
210980
211856
219744
210060
209120
210004
213404
211852
210968
209840
211932
210072
212784
217008
210696
208916
212696
209476
208228
210260
209196
210632
210472
209580
210040
216364
209968
212216
210176
212724
209836
213760
211764
212592
210540
210132
210888
217100
211552
209556
212096
210396
209532
212628
210892
210088
211192
213092
211124
219388
211616
213528
212616
208968
211788
211968
209656
208456
211444
212580
208980
217012
210004
210880
211880
212812
209380
211384
213704
211852
208948
211136
213812
212088
211384
209916
211364
210320
211876
210016
211872
210984
211888
210968
217740
210512
211160
211172
212668
213688
212472
211672
210032
208996
212872
209684
219140
212424
209204
213440
209108
211624
210556
208584
210720
212124
209740
207348
217196
212812
210544
211948
213460
209960
210352
207452
210940
211852
210648
211760
218904
210136
212892
211992
211164
212580
210152
210312
212284
211680
209772
217616
208996
209996
210180
211492
212040
210724
210228
210456
211344
211464
209428
215340
208964
208680
211612
209520
211504
208436
211496
209420
210924
209700
210472
217976
209524
209608
212540
212076
210984
210928
209552
212228
211296
211216
209440
220836
207808
211136
208832
213260
209980
208960
211224
208948
210604
209432
209628
216604
210688
212376
208360
212660
211204
211760
209172
213028
211860
208884
211244
216684
212508
210524
210168
209912
209516
211192
209992
210912
210976
210068
222576
212592
209476
207184
211284
211388
210388
207716
210704
209992
211260
211780
222240
210284
211380
211316
211808
208404
210604
211868
210768
210968
207976
210952
220212
211952
211820
208604
208848
212712
208820
213768
211400
213452
213044
212260
220264
209416
211000
212680
212164
212588
210540
210396
212052
210340
211368
217520
210816
209720
210644
210940
210904
212172
212412
210904
208280
211616
211632
217204
208872
211492
211620
209880
211832
209956
210912
210284
208328
210960
211684
222488
213252
209408
212344
210024
211120
210124
210636
209352
210608
211696
209180
221360
212792
208924
211748
208376
211256
211140
209920
211024
207880
210812
209396
219576
213800
210480
211904
213404
210788
210880
208908
211624
210524
210532
217020
210792
212560
210228
209812
210036
209396
210132
210896
210392
211532
211028
217808
210580
213092
208176
208280
210772
211024
211832
208876
211460
209852
212280
217488
208600
209476
212184
212832
208604
210540
211064
210680
211820
212076
209912
221172
206844
210096
211848
210160
211012
209740
212116
209448
211620
211620
210840
218672
213328
211192
211948
208608
212464
212236
209176
212056
213248
207620
211516
217952
211140
212944
210732
209144
211232
208320
211300
211452
210868
210364
217660
209612
209884
210980
210732
211768
210404
211432
209288
213056
209736
239908
218652
206660
212012
209472
211948
210012
208148
212752
210464
208940
211364
212164
220112
209400
211756
209408
208220
212936
212016
211604
210276
211844
213344
216060
210388
208980
211940
209960
210276
210464
209104
208884
210104
210828
213632
216628
210512
209408
210556
208180
210424
209240
211512
210660
210516
211208
211480
216916
207392
212092
211908
211932
210652
209916
209260
213012
210740
209940
210888
219316
210368
210832
208656
210004
212884
209264
212348
212544
211396
209340
211136
216752
211136
211644
211436
210872
213128
210784
209044
211384
212552
208780
212632
217648
211284
208760
210096
211024
209532
210152
209904
211124
210444
210968
214624
212044
211932
208404
212340
209632
210060
211120
212796
210004
210504
212084
218696
210464
211244
210052
210184
209756
211660
210732
212304
209416
213216
210428
217080
207896
208196
211808
212476
210240
209380
210732
210176
212956
212816
211860
217420
214180
211984
210992
212572
207904
210556
212056
210844
212224
210948
211156
219348
208796
212192
210420
212052
214512
211116
211700
207976
211124
210688
217916
209724
210048
209592
210524
212236
209680
211800
212792
211976
209988
215296
217820
211488
207376
210432
210652
211252
211884
212412
208376
210140
210452
212280
217808
209452
209708
212912
208276
213076
210624
213012
208828
208456
210696
211440
218668
210272
209676
211868
210736
208020
209876
211284
210200
209444
211000
212016
215432
210736
212016
208304
207704
210684
210556
211172
210448
209200
212340
217296
213164
211268
211332
211576
207796
208656
211192
209460
211068
211976
211232
217448
211220
207456
213036
212020
210964
210532
211648
210248
211288
214112
211164
220304
211896
211692
211512
211840
209436
212172
207636
213036
210852
213048
212128
218660
210240
211160
212156
210656
208288
212828
209156
210456
208320
210456
208404
217712
211372
210192
209036
209244
210828
214332
210680
210764
210528
210544
217108
210956
209908
211320
212488
212036
212592
208968
209652
211592
207872
211820
216784
213172
211620
206968
209628
210864
213524
211828
206968
212596
211328
211688
215596
214224
210804
210080
209368
209184
210884
211500
206404
210628
211244
211288
218100
210496
210716
207296
207164
210224
210452
210548
210832
210648
208304
211688
216708
211864
209056
210856
212552
211916
210404
210884
212184
209280
210632
212084
217716
212652
210968
209712
210772
208056
212840
209792
210668
210652
208324
218568
211132
212616
210992
211272
210936
211744
209128
210992
211804
210256
213596
219280
208536
209620
206572
207256
211340
211776
211436
209144
211832
210136
209540
216548
209520
212104
209164
211104
211224
211520
209852
210960
210704
212840
211544
217232
211596
208720
211108
211316
208684
213420
211800
212904
212672
212940
212724
217128
212564
212216
209748
211952
208584
212648
209604
211320
213012
210680
219616
210832
208032
210432
209956
211260
207976
212264
213280
212072
210868
209844
218096
209660
209040
205992
210192
210348
207588
209108
211936
211772
212036
211424
216548
210748
212920
208756
212292
209572
209804
210976
208392
211732
210976
212552
217580
211508
211552
210076
213304
210708
212648
211828
211436
210200
212420
209540
220844
211452
207160
210440
211348
210764
211072
211452
214728
210112
209744
221864
210028
211696
209828
210516
211864
207772
212208
212688
209300
209188
209484
217140
208544
210344
209760
212552
209592
210864
210752
211916
212792
212656
210064
216424
209480
211220
209836
210392
210532
210832
210024
207208
211244
210396
211016
217944
210496
210776
211324
214128
211788
213468
211160
212492
209708
209828
210052
218544
211088
211644
209840
210916
210136
211484
210284
210792
211084
211704
216840
210868
212864
211592
210144
211720
210220
209524
213092
210204
207668
209760
218524
209988
212724
210416
209556
212992
208820
210216
210320
211444
212436
208616
218688
211504
209536
209072
210052
211116
209200
207960
210272
212784
210796
211780
216084
209316
212520
213208
212924
212224
212532
211528
209588
208848
212748
211988
218748
210120
209988
209544
206956
211220
210336
210416
213100
210056
210004
218708
210404
212404
211412
213316
211836
209212
214244
212320
209720
211892
208796
219016
212696
211100
211696
210696
213040
211928
209628
211332
210624
206580
211416
220124
211920
210620
213172
208276
207704
212096
213852
210620
211620
211944
211648
218856
211420
211608
213636
212904
350500
207516
211600
212148
211276
3446692
211288
212208
209188
208008
211652
211328
209336
210812
222604
211656
209696
212276
213040
209668
213688
208824
213480
208556
210360
211480
219244
211528
212072
211900
212232
211972
210444
210132
211720
210504
212428
209260
220628
210908
212144
208500
211636
211952
213024
211860
210184
210436
207008
220840
208684
211768
213344
210808
212184
211908
213492
214820
211928
208476
212344
221076
211132
210400
210920
210944
211116
212820
211192
213004
212940
212272
210612
221528
211180
211548
212608
211508
213024
212764
210968
213664
211108
213360
210280
219948
208844
212084
210956
208940
211720
212744
210536
212060
209500
210676
220348
211492
210564
211932
211768
208740
211080
210752
215864
209528
210596
211752
219924
210736
213576
211460
212600
212964
208824
211260
213228
210716
211908
210788
217976
213980
212036
209824
210792
210376
211160
210068
212444
207416
211656
211440
219684
211860
210148
211552
212628
208684
209368
211864
210672
212056
211352
210280
219064
209368
210424
212296
212240
210892
211884
211560
212748
209264
213076
221228
209272
211696
211180
211832
211168
209540
209536
210436
211632
212800
212868
219184
210212
210568
210944
211348
209816
210428
212552
209504
210124
210636
207888
220400
208120
209104
213184
212792
212428
210740
209848
208812
211940
210064
210560
219432
210572
208416
211864
212428
211260
210768
211580
212804
211812
209180
211248
216172
211728
210300
211200
212120
210852
212632
213688
210356
211704
211196
219888
211296
211480
210924
209352
210664
213920
211440
210864
209924
210824
208532
215952
212400
212432
210192
212996
210576
209620
210016
210280
210040
210692
214396
219796
212012
209352
209020
212072
213584
213088
212296
211156
211168
213092
211904
216408
207440
210312
209812
210452
209392
208592
211256
209628
208232
209368
211264
216780
210052
209968
211052
212984
206272
210552
212288
210988
212152
211004
218324
213932
210852
212596
211260
210180
214048
211732
211360
210804
210936
209596
218352
210676
211664
210464
214484
209996
210068
211936
210456
211412
211760
214524
222488
211048
212400
209716
212800
210900
210000
209120
210812
210344
212556
209040
217768
212784
211144
211480
210692
211580
212616
208924
213060
213160
207552
220292
214512
211928
209360
210136
212312
211120
210312
211364
212208
210392
210400
219424
212184
212060
211076
211080
210868
213132
209704
209900
212100
212736
213128
218728
210592
211468
212388
210792
208756
211912
211320
210996
212684
211652
210888
217780
212532
212532
210312
211216
210908
209516
211848
208364
211592
214536
219544
209408
211736
211400
212504
213304
212904
215248
212860
212408
210408
208668
216276
212476
212688
212396
208852
210324
210772
210640
211652
210852
211416
208280
218132
213392
210856
214712
211952
206916
211240
210216
211372
209224
213676
212428
219552
209600
210088
210648
211764
212776
211372
209776
209572
211356
211444
211360
220608
208500
210052
209188
211160
210912
210856
210992
213408
211940
209868
217204
210284
210368
210416
210644
212008
209236
210892
211892
209532
210100
210184
216340
206948
210792
211872
210340
211808
208996
210556
211132
213800
211112
210468
219048
211304
212156
213072
210144
210608
213008
211956
210980
209836
211380
210168
221040
211292
212176
211556
211876
211668
211084
212048
210004
211144
210708
208992
217620
214136
209464
210820
211960
213192
209360
212636
211812
210220
210948
218064
211552
210264
207960
210388
212116
213996
211640
211552
210228
209948
212360
218884
210344
211284
209900
209692
208472
208656
210352
211544
213344
210600
209980
219712
207968
211232
211896
212536
211092
211032
213000
208852
211624
212712
212152
218828
212028
210724
209092
211700
212448
209984
209516
210920
210956
211644
209768
216724
209536
211348
211304
210868
211520
207540
212392
209716
209740
209992
218560
213616
211936
214440
211568
211932
211516
212488
212104
211188
213260
213256
218224
211356
210624
210576
210648
208444
209808
210952
212380
210980
210896
211040
222896
210444
212588
209020
210500
212196
340092
213316
211712
210872
212024
220968
209880
208660
210336
212352
209164
212560
213228
210916
211500
213136
209136
219756
211708
211108
211660
211856
209900
211612
210984
208128
211416
210216
216544
209784
209840
208172
211100
211452
211180
211808
210092
210512
210292
209784
216000
210432
211768
210448
210384
210824
211920
211664
211800
210132
211188
209852
215752
212788
213592
210948
210400
213068
211828
209236
207372
209864
211688
212232
219324
211880
212656
209176
209812
211352
212584
212524
212356
211672
212528
211624
217048
212404
210056
208832
210192
210292
211112
210552
211128
210032
213372
217432
211028
213764
211524
211448
212720
209148
210008
212912
211324
212132
212176
218388
211076
213532
211504
209104
211428
210856
212196
210932
211368
209720
212576
219872
211464
209308
210884
210772
213068
210868
209460
209264
209588
211096
211524
220800
213064
208328
215116
211660
211260
210880
210732
212592
211436
211204
212804
219316
214124
213976
210896
210892
209212
211468
211552
211120
213092
209708
217200
212224
211960
212332
210756
210976
210568
211028
211496
211352
209692
212404
220336
210208
211452
209548
210512
211992
211748
212388
211944
211220
211568
212200
219616
209644
210496
212628
212068
211280
208700
211040
212472
212340
210060
211084
219152
211672
211344
211236
209688
210396
212952
212008
212656
210768
210868
223360
211380
207456
211736
211516
211804
210892
211876
209268
211640
212316
213268
219600
208024
212192
210804
211760
211464
208460
211248
210508
208768
211880
210284
219360
208640
211844
211196
209988
213444
211580
213032
206728
211960
212296
210204
220348
210588
212964
211368
212052
211400
210316
211620
210740
212352
211228
212460
219316
213376
210284
210148
209716
210608
212468
210984
210412
212132
208544
217616
208392
211076
209984
213048
208992
211216
208812
211172
212044
211080
209512
217260
211344
212484
212448
211320
210472
211868
210960
211156
211100
210016
210580
218656
212364
211848
211600
212460
212452
209568
211696
210668
211264
210100
210496
219012
212708
210624
211172
209728
210956
210488
210840
212312
211680
211016
220828
213432
213808
210360
210320
210596
213364
212532
210644
211692
209432
212004
218720
210348
212820
211572
212240
211956
211004
210432
210560
211992
212572
211708
218072
211800
211320
212468
210908
212772
212392
209656
213204
211456
207960
210540
218812
209756
209272
210984
212520
212468
212448
211936
210840
211404
209248
208420
218188
209572
210232
210352
211768
206748
211684
212904
210472
211016
209556
221520
213396
213840
209116
209624
210956
211496
210032
212368
210024
208656
212284
217032
212544
212268
211348
211580
207604
211848
212392
212980
211784
212136
209572
216596
211716
211736
210612
213192
212592
211420
209868
211880
209748
210216
212104
216928
211084
210456
212244
209340
211580
208440
210616
210124
209756
210504
210792
219136
208380
210636
210868
213348
210068
209028
212080
210400
213420
210936
219304
212736
210936
211340
212592
212088
211772
210892
213424
212596
211764
209132
218188
212512
212316
209732
209896
212836
212272
211420
210652
210132
210792
210144
218516
211424
210516
212512
211124
212000
213084
209584
209440
210652
209764
211736
218084
211056
209292
209720
212296
213004
211068
211772
212712
209880
208612
218544
209004
210648
211520
212696
211796
210904
211924
209820
211840
212012
212560
219856
211612
209508
210752
210220
208708
213396
209480
210948
211700
211192
210324
216744
210880
210808
212660
210776
210668
210316
210344
213120
212724
213600
209612
218132
212420
211016
211516
208860
209852
211588
211232
213560
213092
210216
211100
216360
206888
212996
212056
209412
211860
212444
213468
208476
210600
212020
217148
212632
211240
210348
211224
213676
212864
211928
208912
211480
209020
210176
216064
212752
209380
215416
212556
210548
210792
211232
211488
210368
210064
211544
218072
211104
209916
211216
210060
209052
211284
211456
213468
212564
209856
209472
219508
209488
209260
212000
210624
211204
210684
212560
210368
209892
211604
212328
218040
212856
209416
209372
210976
207972
211704
212264
211812
208928
210692
219544
212008
210700
209156
209996
214148
211648
211624
212000
212572
211008
210848
218616
210304
209708
211604
211216
213540
212328
210604
211516
210412
212160
209952
217360
208780
211576
208256
211936
212304
209692
213024
209592
211580
209144
209884
217920
213460
211260
210396
211872
211896
213072
