3240
4012
3492
4252
4004
4264
3080
4144
3432
4660
4076
3208
4204
3056
4656
3016
4272
3800
5160
4112
3152
4168
3020
4532
3488
3760
4100
4012
4108
2208
1980
2096
2056
1932
1988
2704
1948
2136
1948
2064
1892
2052
2844
1968
1988
1940
2048
1940
2028
1996
2040
2648
1996
1972
1956
1980
1948
2016
2064
3568
2020
2060
2072
2128
1996
2008
1984
2412
2044
2068
1964
2012
1948
2052
1976
2016
2448
1992
2040
2148
2004
1972
1980
2796
1900
2076
1916
2064
1888
2036
2032
1972
2888
2008
2076
2124
2084
1984
2000
2852
2004
2016
2008
2024
1932
2016
2048
1936
2580
2000
2136
2040
1996
2040
2012
1908
2660
1988
1924
2152
1884
2052
1944
1988
2764
1956
2000
1944
2020
2044
1948
1984
1952
2868
1908
2056
1932
2036
2060
1976
2024
3032
1968
1916
2040
2012
1976
1960
1940
2708
1992
2080
1880
2000
2008
1924
1976
1932
2664
1932
2028
2044
1960
2044
1944
2880
1960
2020
1952
2012
2040
1932
1924
21020
5376
3504
4252
3812
4692
4360
3196
4376
3080
5108
3440
3824
4108
4084
4172
3040
4252
3232
4824
3872
3436
4256
3928
3392
1928
2016
1860
1960
2004
1932
1980
2456
2000
2124
2052
1944
1964
2096
2640
2448
2036
2092
1972
2024
2008
1936
2836
1964
2080
2132
2048
2044
2000
1916
1972
2840
1928
2096
1848
2008
1952
1932
2044
2480
2092
2160
2032
2128
1980
1996
1924
2960
1928
2084
1828
2052
1956
1952
2048
2880
2088
2128
2004
1952
2000
1936
1904
2632
1976
2048
2016
1984
1976
1912
2056
1932
2756
1908
2148
2000
1968
1992
1976
2004
2588
2024
1896
2068
2012
1956
1992
2016
1976
2348
2032
2004
1960
1988
1964
2044
2672
2556
1956
2048
2028
1944
1980
1924
2860
2092
1944
2128
2016
1972
1932
2004
2008
2728
1960
2056
1952
1984
1980
1952
2056
2920
2016
1948
1936
1956
1952
2076
1960
2084
2360
2028
1960
1924
2036
1936
2004
2704
2868
2004
2028
1968
1936
2080
1952
2960
1884
2024
1928
1992
2044
2040
2036
1872
2712
1980
1976
1972
1908
2080
1964
2100
2496
2064
1964
1876
1972
1912
2064
2144
2028
2432
1956
1968
1936
1992
1892
2072
1936
2720
1988
1960
1984
1964
2052
1940
2048
2636
2016
1972
1976
2104
1888
1972
1948
2068
2368
1932
2008
1980
2084
1920
2052
2684
2012
2036
1932
2076
1972
2096
1896
1944
2356
1900
2080
1900
2028
1940
2064
2004
1980
2468
1940
1988
1940
1992
1908
1996
2896
1996
2020
1992
2012
2160
2020
2004
1988
2644
2036
1980
1928
2004
1920
2020
2028
3496
2016
1972
2084
2128
2016
1984
1960
2456
1892
2080
1964
2036
1920
1980
2000
1928
2548
1996
2048
1944
2056
1992
2012
2848
1976
2012
1944
2060
1896
2052
1968
1920
2764
1972
2044
2076
2020
1952
2012
1972
3408
2060
2012
2072
1924
2048
1928
1976
2708
1988
2032
1908
1992
1944
2020
1948
1936
2480
2028
2060
1840
2052
1972
1920
2952
1936
2052
1936
2072
1944
1980
2028
1896
2768
1972
2068
1916
1968
1972
1924
2024
3376
2088
1960
2036
1996
1988
1920
1964
2864
1892
1992
1980
2016
1988
1944
2028
1944
2604
1936
2120
1976
1956
1980
2020
2868
1896
2004
1896
2020
1956
1992
1960
2020
2720
1900
2048
2008
2028
2012
1944
2016
3496
2080
1868
1996
2016
1948
2036
2000
2784
2148
2032
1956
2056
1964
1980
2072
2728
2040
1944
1992
2028
1992
1964
1940
2820
1880
2020
1984
1940
1928
1944
2028
1952
2836
1968
2016
1972
1912
2028
1972
2064
3424
2100
1980
1996
2036
1928
2116
1892
2500
1892
2012
1960
1964
2052
2000
2040
2680
2068
1984
1972
2052
1940
2060
1964
2780
1940
2008
1980
2008
1908
1944
2152
2132
2740
2024
2056
1908
1920
2036
1932
2024
3084
2004
1924
1932
1992
1944
2032
2108
2688
2040
1948
1952
1980
2052
1944
2040
2688
2004
2028
1872
2016
1920
2124
1892
2888
1984
1984
1992
1920
2004
1868
2052
1884
2716
2004
1960
1992
1952
2088
1932
2048
3360
2000
1992
1948
2068
1984
1992
1940
2700
1944
1996
2008
1960
1980
1928
2816
2592
2036
1892
1972
1948
2024
1992
1948
2700
1980
1952
2072
1948
2036
2088
2044
1940
2640
1976
1932
1972
1968
2032
1924
2024
3148
1988
1988
1968
2028
1940
2052
2936
2024
1964
1960
1988
1916
2092
1932
2016
2832
1920
2036
1996
2012
2164
2140
1916
2848
2004
1912
2144
1948
2080
1852
1988
2904
1968
1996
2000
2032
1864
2036
1976
2888
1988
1960
2108
1920
2000
1868
1980
2840
1924
2012
1988
2028
1952
2040
2004
2044
2712
2040
1988
1928
2020
1916
1944
2080
2724
1964
1960
2004
1880
2060
1984
1956
1984
2452
2060
1976
2072
1960
1996
2036
1936
3268
1916
2056
1924
2028
1984
1992
2920
3404
4928
3100
4276
3408
4732
4140
3236
4160
3084
5224
3100
4152
3836
3488
4556
3168
4216
3140
4256
3960
3820
4128
2372
1984
2352
2016
2108
2116
1980
1976
2024
1948
2000
2348
2056
1960
1984
2016
1992
2032
1980
2512
1948
1976
2076
2028
1968
1944
2016
2688
2096
1876
2052
1920
1924
1988
1920
3636
1944
2048
1960
1944
1972
1888
2068
2892
2124
1872
1992
1920
1928
2052
1984
1996
2964
2040
2072
1928
2000
1916
2052
2716
1992
1980
2032
2048
1976
1972
1948
1968
2884
2096
1928
2012
2004
1920
2112
1984
2948
1824
2012
2024
1868
1996
2012
2112
2632
2072
1936
1996
1948
1912
2004
1944
2048
2704
1944
2120
1908
2028
1940
1980
2828
2008
2016
2020
1976
1984
1968
1948
2096
2676
2076
2036
1908
2008
1948
2092
2016
3288
2072
1940
2028
2000
2008
1964
1992
2596
2004
2004
1868
2036
1940
2060
1876
1992
2656
2004
1968
1936
2024
1980
2020
1864
2684
1980
1892
2020
1932
2044
1920
1972
2000
2012
1980
1944
2132
1884
2092
1908
2040
2708
1960
1972
1912
2112
1948
2132
1928
2616
1976
1976
2044
1936
2104
1940
2028
2900
1956
2000
1896
2080
1952
2056
1908
2840
2012
1880
2084
1992
2064
1888
2052
2692
1944
2008
1972
2036
2092
2076
1964
2020
2744
1904
2032
2008
1996
1928
2072
1912
2712
2032
1964
2036
1984
2024
1980
2028
1992
2452
1996
1988
2000
1948
2072
1976
2616
2388
1928
2112
2164
2064
2032
1952
2732
1880
2004
1924
2004
1940
2064
1936
2000
2776
1952
2080
2048
2020
1948
1984
2016
2748
2100
1988
2100
1876
2012
1984
1980
2052
2560
2052
2084
2016
1984
2036
1956
2812
2084
1892
2000
1960
1964
2040
1988
1924
2488
2096
1928
1984
1984
2008
1936
1952
2884
1936
1960
1924
2016
1940
1952
1936
2888
2048
1916
2024
2020
1968
2012
1932
2080
13812
4276
3992
3812
4160
3196
4976
3096
4320
3068
4080
4504
3572
4260
3188
4236
3744
4156
3520
3756
4956
3264
4124
3036
4264
3860
4356
3400
2008
1980
1876
2920
1920
2060
1924
2020
2012
2008
2072
2032
2740
1928
2056
1928
1992
1992
1948
2072
2536
2004
1880
1976
2104
1944
1976
1980
2380
1976
2060
1948
2048
1932
1988
2044
1936
2680
1960
2000
1964
1984
2040
1912
2072
2584
2064
1916
1996
1944
1960
2024
1948
2032
2392
2008
1956
1904
2076
1956
2012
1896
2744
2004
1968
2000
1916
2020
1900
2036
2712
1992
1964
2028
1980
1936
2036
2112
2020
2424
1956
2008
1920
2080
1932
2060
2612
2000
2040
1924
1980
2044
2072
2148
2008
2016
2064
1996
1920
2032
1948
2024
1948
2016
2440
1880
2160
2004
2060
2132
2068
2732
1976
1992
1916
2112
2028
2092
1860
2032
2704
2012
1988
1944
2004
2084
2080
2092
3004
1996
1904
2060
1896
1960
1940
2032
2816
1904
2000
2000
2056
2060
1968
1944
2000
2408
1988
2136
1952
2040
1884
2084
2836
1972
2072
1944
2080
1900
2044
2012
2004
2700
1924
2024
2000
2112
1888
2032
1908
3404
2000
1948
2044
1912
2016
1972
1968
2780
1992
2044
1912
2000
1952
1976
2092
1860
2468
2008
2072
2140
2132
1980
1912
2756
1932
2032
1944
2132
1896
2000
2048
1884
2740
1996
2148
1932
2000
2088
1996
2012
3164
2028
1932
2100
1868
2068
1940
1912
2852
2016
2052
1948
2020
1908
2012
2008
1936
2432
2032
2032
1932
2004
1912
1996
2896
1928
2044
1944
2008
2048
2000
1952
1928
2732
2008
2048
1892
1948
2040
1996
1944
3424
2128
1944
2068
2016
2036
1968
1964
2644
1948
2112
1904
2016
1992
1956
1996
1972
2544
2068
2020
2048
1952
1996
1924
2908
2012
2052
1984
1972
1996
1964
2044
1988
2740
2104
2044
2032
2000
1960
1952
2088
3092
2036
1844
2024
1944
2060
2012
1940
2676
2148
2044
1984
2036
1948
1920
2088
2648
2036
2036
1968
1948
1880
1988
1952
2872
2132
1960
1984
1972
2008
1964
2004
1920
2776
1928
2040
1964
1900
2088
1948
2056
3180
2012
1988
1976
2016
1936
2020
1988
2644
1876
2008
1976
1976
2036
1960
2140
2732
2056
2024
1988
1984
2020
2068
1996
2744
1920
2048
1948
1876
2052
2000
2060
1820
2692
2012
1992
1984
1940
2012
1920
3728
1868
1996
2076
1936
1976
1912
2132
2788
2068
1944
1976
2028
1876
2120
1928
1988
2668
1996
1924
1960
2028
1924
2000
1928
2708
2008
2020
1928
1952
2084
1896
2060
1884
2820
2008
1884
2044
1996
1984
2120
2020
3228
1964
1936
1924
1968
2016
2040
1916
2692
1984
1896
1964
1968
2052
2116
2012
2680
1972
1972
1948
2016
1920
1996
1940
2964
1976
1920
2036
2036
2060
1904
2056
1928
2720
1976
1908
2008
1924
2084
1944
1976
3240
1960
2012
1920
2072
1972
1988
2032
2624
2004
1896
2060
1948
4148
3428
3860
4104
3304
4088
2948
4260
3124
5000
3800
3512
4172
3188
4876
3004
4176
3508
3868
4848
3244
4244
2960
5168
3088
4144
3748
3480
2280
2488
2012
2008
2020
1904
1980
2072
2676
2048
2012
2088
1908
2072
2008
2012
1988
2816
2048
1976
2004
1928
1960
2036
1952
2868
1936
2020
1996
2076
2004
2020
1952
2692
1988
2012
2032
1900
2048
1988
1892
2028
2764
2008
2008
2040
1964
2036
1940
1920
2612
1984
1948
1976
1976
2068
1956
2060
2684
2068
1936
2008
2004
2000
1972
1964
3448
1956
2128
1944
2052
1968
1856
2024
2668
2068
1916
2036
2036
1964
2008
1892
2100
2512
2052
1924
1996
2008
1960
1992
2016
2552
1972
2060
1996
1960
1988
1948
2080
2644
2056
1860
2032
2056
1968
1976
2024
3636
2148
2008
1980
1992
1948
1952
2088
2536
2060
1944
2032
1928
1948
1956
1988
2012
2812
2056
2064
1964
2000
1948
2044
2672
2024
1892
1988
1984
1904
1984
1972
2032
2964
2064
2012
1984
2028
1904
2016
1924
3204
1948
1996
2044
2024
1968
1980
2064
2780
2004
2028
2000
1952
1932
2068
1920
2036
2376
2000
1968
1900
1984
2040
2000
2816
2040
1932
2056
1972
1992
2084
1876
2056
2700
2040
1952
1940
1972
1968
2040
2120
3364
1912
2008
1920
1956
2072
1952
2036
2664
1992
1952
1892
2016
2012
2072
2144
2048
2448
2040
1984
1924
2064
1928
2040
2740
1968
2092
1968
1932
1888
2084
1960
2012
2724
1956
2032
1916
1988
1948
2048
1964
3564
2060
1992
2000
1948
2060
2120
2052
2496
1980
1920
1900
2032
1988
1972
1940
2020
2572
1920
2020
1912
2008
1888
2024
1936
2656
1952
1968
2024
1924
2036
1900
2052
2024
1980
2020
1988
1988
1940
2040
2016
2016
2824
1920
2128
1964
2088
1864
2020
1976
2480
2048
1968
2024
1960
2080
1996
1988
2808
1948
2072
1848
2040
1896
2068
1980
2796
2008
1912
2060
1984
2084
1996
1968
2748
1952
2064
1984
2056
1904
1968
1992
1884
2684
1920
2052
1944
2128
1944
2016
1984
2664
2044
1908
2088
1948
2036
1968
1944
2028
2396
2060
1912
2064
1992
1920
1944
1976
3208
1864
2044
1912
1996
1992
1880
2044
2492
1988
2128
2012
1992
1972
1992
1932
2096
2368
2128
1876
2000
1976
1920
2004
2672
2128
1908
2016
2000
2004
1984
1920
2072
1908
2016
1936
2004
1944
1972
1984
1992
1992
2604
2024
2056
2032
1936
1916
2084
2756
1928
1956
2060
2016
2000
2008
1980
2040
2612
2084
1944
1972
2032
1916
2040
1932
3540
1920
2028
2012
1960
1900
2000
2124
2776
2000
2068
1980
1964
1884
2104
1888
1964
2524
2036
1940
1920
2032
1956
2020
2772
1996
1960
1992
1992
1948
1996
1924
2120
2580
2056
2000
2000
1952
1972
2032
2072
3512
1984
1956
1944
1952
1956
1864
2004
2792
2028
1976
1916
1968
2012
2116
2116
2048
2520
1984
1944
1956
1992
1964
2004
2836
2064
1972
13964
5172
3028
4372
3300
4940
3772
3464
4188
3220
4880
2996
4308
3428
3756
4576
3248
4216
2900
5536
3148
4220
3816
3504
2652
1880
2024
1984
1988
1896
2084
2000
2548
1980
1932
1992
2208
2040
2016
1980
1992
2600
2092
1984
2048
1892
2048
1944
2724
2024
1964
2000
1940
2068
2040
2012
1996
2752
2056
1984
1988
1944
2028
1944
1916
3108
1916
2020
1960
2088
2032
1988
2040
2584
1988
2024
1992
2000
1992
2044
1956
1988
2624
2072
1900
2060
2008
1984
1980
1944
2472
1896
2096
1880
1952
2092
1828
2000
1996
2420
2116
2068
1924
2052
2004
1904
2820
2284
2016
1940
2004
2040
1904
2044
2688
1988
1984
2060
1936
2008
1968
1888
2000
2828
2012
1916
2004
2020
1916
1968
2000
2776
1968
2088
1968
1960
1992
2012
2008
1976
1988
1932
1972
2048
2028
1924
1924
2064
2592
2056
2032
2056
1940
1980
2056
1932
2788
1928
1996
1988
1960
1984
2044
2012
1924
3060
2012
1992
2008
1972
1948
1956
2916
1952
2004
1980
1936
2032
1968
2004
2780
2064
2040
1988
1916
1912
2080
1932
2048
2576
2040
2052
1956
2036
1944
2040
1940
2724
2016
1972
1968
1912
2032
1936
2028
1864
2680
1932
1972
1944
1992
1988
1984
2108
3292
2016
1984
1964
2084
1992
1992
1892
2664
2016
1940
2052
1988
2020
2128
2052
2704
1952
2024
1984
2048
1980
2116
1944
2696
1972
1944
2024
1940
2056
2124
2072
2056
2644
2004
1928
2032
2008
2040
1964
2844
2008
2040
2008
1944
2104
2120
2028
2776
1968
2024
1892
2076
1920
2208
1832
3008
2640
1960
2016
1964
2112
1988
2020
2780
2016
1984
1884
2060
1948
2032
1904
2008
2656
1992
1948
2028
2080
1952
2068
2028
2736
1900
1852
2028
1944
1992
1900
2056
2480
2000
2020
1960
2024
2148
2052
2040
2016
2812
1940
2044
1920
1956
1960
1992
4200
4080
4216
3108
4352
3312
4824
3860
3476
4076
4036
4152
3004
4308
3424
4292
4072
3236
4056
3004
5004
3300
4096
2340
1972
2024
2500
1988
1980
2020
1940
1972
2036
1904
1948
2472
2120
1944
2084
2032
2008
2012
2780
2044
1872
2124
1888
2000
1988
1924
1960
1988
2012
1992
2036
2020
1980
1964
1944
2080
2384
1988
1916
2048
1972
1960
1980
1944
2436
1896
1988
1980
1980
1988
1984
2040
2680
2080
1944
2024
1940
1976
1968
1968
2772
2392
2104
1948
2016
2028
1960
2100
2832
1988
1940
2016
2064
1932
2100
1948
2024
2680
2008
2036
2048
1972
1888
2044
1964
2560
1956
2016
2060
1976
1992
2020
2060
2712
2000
1976
1996
1980
1928
2104
1960
3788
1904
2024
1952
2008
2012
1944
2096
2744
2072
1976
1984
1952
1960
1992
1992
1992
2376
2000
1992
1972
2060
1944
2056
2712
2024
1984
2056
2004
1992
2080
1956
2048
2684
2028
2064
1920
2052
1976
2052
1920
3168
2012
1984
2012
1976
2096
1932
2052
2620
1972
2020
1916
2048
2000
2076
1928
1988
2512
2028
1972
1924
2016
1868
1968
1980
2648
2016
2016
2052
1988
2012
1880
1992
2716
2020
1952
1944
2028
1900
2040
1968
3812
1984
1964
1952
1948
2044
2072
2060
2800
2000
1992
1876
1972
1992
2104
1896
2044
2380
1948
1940
1952
2028
1924
2072
2804
2032
2000
1912
2004
1900
2032
1912
2000
2712
1920
2016
2024
2080
2160
2048
1956
3568
1984
1904
2064
1944
2092
1920
1996
2720
1976
1964
1956
2004
2192
2012
2000
1976
2460
1916
2116
1972
2064
1856
2084
2792
1996
1972
1988
2032
2068
2052
2012
1992
2740
1928
1992
1976
2112
1880
2004
1988
3228
1992
1980
2104
2004
2084
1972
1976
2560
1904
2056
1956
2112
1872
2056
1928
1964
2360
1956
2052
2104
2048
1964
2008
2864
1920
2084
1932
2072
1936
1932
2000
1896
2796
2032
2076
1948
2000
2048
1964
1960
3460
2000
1896
2192
1880
2048
1932
1932
2740
1960
2036
2160
1988
1932
1984
2004
1920
2512
1944
2028
1884
2032
2020
1916
2900
1952
2068
2092
2016
1976
2004
2000
1912
2832
2024
2028
1928
2040
2024
1892
2008
3292
2092
1956
2180
1936
2048
1932
1956
2540
1896
2036
1940
1952
2068
1932
1960
1888
2668
1904
2012
2020
1956
1976
1944
2916
1896
2028
1884
2048
1984
1956
1984
1980
2816
1900
1988
1956
1996
2000
1924
2032
3556
2032
1892
2052
1944
1984
1996
1976
2872
1964
2032
1944
1988
2028
1956
1984
2012
2512
1924
1984
1928
1960
2080
2000
2916
1940
2056
1944
1984
1960
1960
1960
1948
2904
1860
2040
1996
1996
1944
1944
2052
3484
2000
2076
2000
1956
1884
2104
1976
2728
1888
1992
2076
1892
2084
1972
2064
2696
2072
1996
2020
1896
1968
2076
1996
2844
1840
2020
2044
1956
2052
1960
2048
1876
2712
1952
2008
1952
1944
2032
2000
1964
3288
2072
2052
1952
1952
1980
2128
2032
2676
1964
2008
1972
1960
2044
1852
1988
2736
2076
2000
1952
2000
1940
1972
2064
2912
1936
1968
1964
1948
2060
1924
2096
1880
2680
1996
1964
1960
1968
2012
1912
2036
3300
1980
1972
1948
2048
2016
2000
1928
2744
2044
1928
2056
1968
2148
1908
2028
2792
1980
1992
1948
2008
1976
2048
1920
2808
1996
1948
1964
1980
2016
2112
2080
2004
2800
2004
1944
2004
1940
2024
1884
1984
3324
1948
2028
2016
2060
1892
2044
2848
1980
1996
1892
2060
1980
2056
1968
2052
2656
1984
1976
1980
2136
2048
2032
2080
2860
1936
1932
1980
1952
2012
1948
2032
1972
2476
2092
1940
2024
2152
2028
2088
2924
1936
1932
2084
1960
2036
1832
2000
2888
1964
1984
1912
2064
2060
2092
2036
2040
2736
1900
2092
1980
1968
1932
2008
2012
2708
1996
1940
2028
2160
2024
1976
1948
2016
2548
2028
1892
2020
1888
1972
1960
2680
2492
1944
2016
1920
1984
1980
2012
2860
1948
1984
1948
2056
1916
1992
1912
1976
2792
1980
2016
2064
2004
2100
2012
2032
2696
1988
1920
1988
11892
3820
4172
3284
4200
3724
4312
3084
4044
3788
4204
4116
3112
4184
3040
5324
3440
3712
4140
4016
4160
3068
4272
3172
4912
3848
3516
4128
2304
2752
1992
2072
1928
2024
1932
1928
1980
2592
2088
2088
2032
2048
2032
1972
1944
1996
2488
2084
1920
2016
1948
1948
2036
2728
2344
2004
2096
1828
1984
1932
1904
2852
1988
2040
1896
2008
1976
1980
1992
1944
2808
1980
2116
1932
1976
1936
1904
2008
2724
2008
1896
1968
1988
1912
2052
1980
2008
2648
2056
2040
2004
1992
1984
2092
2704
2512
1904
1988
2052
1968
2072
1968
2928
1888
2068
2000
2024
2028
1968
2036
1884
2836
1852
1984
2008
1996
2032
1984
2068
2864
2028
2076
1992
1984
1968
2080
1916
2104
2300
2040
1944
1960
2016
3284
4232
3128
4892
3840
3472
4192
3920
4248
3044
4344
3404
4580
4012
3228
4176
2996
4572
3064
4200
3816
4264
4144
3124
4232
2176
2084
2760
2040
1972
1976
1980
1972
2088
1908
1988
2492
2044
1996
1948
1940
1940
2044
2712
2624
1988
1952
1980
1884
2096
2100
2940
2056
1956
1984
1948
2040
1960
2080
1880
2712
1960
1892
1972
1964
1940
2068
2108
2676
2040
2008
1912
2080
1872
2056
1900
1972
2436
1964
1988
1948
2004
2100
2016
2816
2616
1960
1908
2004
2044
2032
1948
2724
1932
1956
2068
2016
2096
1908
2076
2024
2712
1996
1960
2052
1940
2004
1944
1968
2948
1920
1980
1968
1968
1868
1992
1972
2024
2444
1888
1976
1964
2052
1896
1964
1996
2796
2024
2016
2068
1960
1996
2048
2048
2436
1956
2028
1964
2040
1972
2048
1932
1884
2540
2040
1996
1956
2028
1932
1988
2852
1988
2000
1932
2068
1860
2080
1928
1956
2528
1936
2040
2160
2080
2016
2012
1996
2720
2040
2056
1980
1948
1992
1988
2000
2708
1984
2096
2068
2016
2008
1988
2056
1916
2648
1972
2032
1916
1988
1996
1972
2016
2880
2080
1996
2016
2024
1992
1980
1888
2644
1984
2040
1956
2052
2028
1936
1964
1976
2508
2128
2052
2012
2060
2040
1912
2684
1884
2084
1840
2024
1924
1992
2056
1948
2824
2108
2120
1996
2036
1964
1996
2072
3080
2080
1904
2036
1940
1972
2080
1980
2704
2112
2072
1908
2024
1996
1892
2080
2688
2032
1920
2036
2008
1932
1992
1924
2864
2140
2024
1968
1960
1980
1920
2036
1972
2756
1916
2056
1944
1980
1948
1916
2172
3132
2032
1960
2024
2004
1836
2068
1924
2748
1888
1968
2024
1908
1984
2060
1932
2768
2024
1944
1992
1936
1900
2060
1912
2924
1924
1968
2024
1948
1960
1972
2132
1920
2724
2028
2000
2008
1876
2080
2040
1968
3252
1996
1976
1972
2004
1964
2020
2124
2796
2088
1988
1976
1932
2076
1944
2080
2564
2060
2004
2032
2016
1960
2148
1876
2764
1956
1988
1988
1864
2076
1904
2096
1952
2680
2000
1964
1984
2000
1984
1912
2032
3292
2000
1996
1916
2036
1908
2072
1888
2732
2032
1956
1952
1972
2060
2148
2136
2636
2012
2028
1916
2064
1920
2036
1896
2812
1980
1972
1992
1952
2016
2116
2008
1960
2700
1996
1928
2044
1916
2100
1988
2028
3196
1908
1892
1936
2088
2144
2012
2992
2060
2012
1920
2064
1888
2096
1864
2060
2696
1944
1972
2000
2116
1860
2076
1944
2780
1964
1880
2000
2012
2020
1936
2008
1964
2580
2008
1972
2052
1936
2000
1924
1960
3248
1900
2060
1908
2076
1864
1968
2020
2508
1924
1996
2040
1984
2040
2068
1964
2888
1972
2048
1912
2040
1888
2064
1988
2784
2028
1948
1996
2100
2084
1940
1940
2004
2708
1936
2016
2096
1876
1968
2072
1944
3212
2004
2092
1928
2016
2076
2012
1968
2500
2048
1972
2056
1884
2008
2040
1924
2860
1976
2132
1856
1996
2088
1976
2036
2864
2004
1892
2032
1952
1964
2020
1948
1996
2692
2056
1940
2012
2076
1972
2000
1936
3288
1972
2080
1876
1992
1976
1956
2036
2576
1968
1948
2000
1936
1972
1964
1904
3008
1848
2008
1960
2048
1932
2036
1984
2868
2080
1872
2016
2028
1980
1920
1940
2052
2748
2064
1904
2016
1956
1864
1944
1976
2820
2176
2068
1984
2024
1976
1956
2032
2576
2080
1904
2024
1988
1980
2012
1936
2060
2344
2120
1960
1992
1984
1884
2072
2700
1996
1952
2004
1944
2012
1900
1928
2056
2252
1984
2044
1988
1976
1904
2020
1964
2116
2444
2064
1972
1924
2036
2012
2060
2712
2116
2048
1956
1988
1960
1996
1932
1976
2640
2020
2024
1908
2092
1964
2132
1900
3492
1936
2012
1988
1984
2016
1888
2112
2652
2020
1968
1924
1952
1924
2116
1888
2056
2612
2020
1984
1908
2100
1992
2092
2744
2040
2020
1920
1976
2008
1956
2148
2016
2808
1988
1964
1968
2000
2016
2048
1916
3168
1972
1924
1944
1928
2040
2100
2088
2656
1940
2000
1968
2076
1940
2068
1856
1996
2420
1928
2040
1940
2060
1944
2044
2936
1956
2008
1952
2052
2012
2036
1924
1996
2720
1928
2040
1972
2156
1952
2032
1948
3432
1984
1896
2044
1964
2108
1868
2044
2680
1996
1928
1984
1952
2112
2068
1960
1984
2404
2032
2108
1956
2012
1880
2048
2840
1924
1944
1920
2000
1988
2080
2068
2064
2724
1912
2052
1920
2056
1904
2008
2056
3416
1972
1952
2152
1864
2068
1952
2008
2740
1936
2068
1976
1960
1952
2012
2044
1884
2564
1880
2060
1924
2040
2052
2024
2808
1992
2008
1968
2040
1924
2048
1980
1884
2728
1968
2016
2064
2032
1988
1948
1996
3440
2028
1972
2032
1932
2012
2016
1876
2796
1976
2088
1960
2032
1972
1952
1996
1980
2468
1988
2000
1940
2020
1932
1940
2896
1884
2028
2068
5156
3908
3480
4260
3832
4240
2984
4228
3376
4692
3912
3280
4180
3032
5076
3296
4292
3900
4332
4104
3232
3388
1968
1988
2740
2032
1948
1964
1988
1944
11448
3060
4160
3948
4244
4384
3232
4272
3028
5228
3472
3808
4108
4100
4352
3036
4236
3224
4892
3780
3484
4240
3152
4536
2984
4216
3360
3868
1992
1984
2056
1944
2068
1856
2004
2012
2820
1976
1900
2088
1940
2076
1940
2008
2892
1892
2028
1972
2064
2064
1996
1980
2532
1956
1980
1996
2024
2004
1932
2032
1976
2648
2016
2016
2036
2148
2024
2028
2052
2356
1944
2024
1904
2032
1952
2016
1968
2696
2024
1968
2068
1936
2016
2012
2000
3604
1884
2052
1900
2144
1860
2004
2028
2640
2060
2000
2080
2068
2028
1960
2032
2020
2468
2076
2004
2040
1908
1972
1980
1940
2492
2048
2056
1892
2036
2016
1980
2028
2604
2024
2012
2080
1880
1972
2052
1944
3460
1952
2028
1944
2104
1940
1952
1972
2728
2068
1948
2068
1900
1984
2012
1884
1944
2692
2056
2044
1988
2008
1904
2072
1900
2500
1948
2056
1904
2020
2036
1904
1976
2764
2104
1888
1984
2096
2028
2008
1924
3708
1932
2052
1960
1992
2044
1904
2020
2696
2028
1952
2088
1876
2036
1988
1964
2076
2524
2016
1980
2016
2036
1908
1984
1912
2584
1908
2108
1940
2020
1952
1984
2092
2644
2060
1972
2048
1948
1960
1952
1904
3796
1892
2004
2076
1948
1988
1880
2048
2760
2116
1896
2040
1984
1892
2056
1952
2028
2628
2060
1964
1936
2028
1928
2056
2716
2116
1856
1988
1980
1984
2052
1948
2096
2804
2044
1960
2020
2016
1916
2024
1984
3268
1880
1996
2012
1904
1960
1960
2084
3000
2012
2008
1968
1964
1888
2016
1972
2012
2660
2044
1960
1868
1956
1996
2080
2656
2116
2008
2000
2048
1936
2108
1912
2044
2740
2076
1964
1952
2008
1960
2064
2120
2984
1968
2004
1936
1956
2032
1936
2084
2628
1980
2072
1956
2008
1952
2112
2072
2064
2400
2012
1956
1924
2000
1980
2096
2668
2040
1968
1868
2048
1932
2088
1888
2068
2756
2016
1956
1944
1984
1976
2056
1904
3592
2000
2000
2028
1932
2052
1912
2028
2752
1984
1964
1908
2100
2024
2012
1896
1976
2416
1944
2004
1968
2152
1892
2064
2800
1968
1952
1992
1976
1932
2040
1948
2012
2736
1912
2012
1972
2092
2144
2060
1960
3432
1956
1920
2064
1964
2044
1972
2096
2620
1992
2036
1928
2064
1920
1996
2008
1980
2448
1916
2020
1936
2116
1884
1992
2880
1916
2036
1956
2056
1868
2008
1948
1924
2736
1924
2024
1988
2012
1900
1936
2000
1888
2480
1996
2120
2120
2080
1976
1960
2704
1888
2080
1976
2048
1904
2016
1980
1924
2716
1944
2012
2116
2032
1984
1964
1960
2712
2084
1892
2044
1916
2024
2040
1924
2272
1972
2088
1900
2004
1948
1996
1968
1896
2760
1936
2068
1924
2036
1956
1920
2020
2688
1992
1920
2032
2040
2000
1988
1880
2028
2460
2064
1900
2068
2004
1908
2032
1940
3384
2064
1992
2036
1996
1944
1980
2844
1968
2052
1872
1992
2100
1900
2080
1952
2884
1888
2116
2024
1992
1972
1952
2056
2708
2072
1876
2120
1968
1956
2036
1920
2068
2416
2116
2028
1984
1984
1996
2020
2616
2740
1916
2032
1928
2024
1968
2052
2916
1988
2032
2004
1996
1968
1940
2016
1960
2772
1920
1988
1972
1944
2004
1976
2052
2644
1968
2064
2008
2020
1920
1992
1904
2048
2312
2068
2036
1960
1976
1960
2060
2848
2596
2020
2024
2024
1948
2076
1972
2956
1908
2012
1980
1968
1972
1952
2052
1872
2744
1976
1980
1952
1968
2080
1984
2008
2544
2028
1956
1928
2004
1976
1944
2236
2048
2392
2008
1944
1912
2092
1928
2008
2752
2616
2040
1916
2000
1980
2008
2128
2964
1988
2008
1988
1928
2096
1956
2024
1916
2752
1932
1884
2048
1940
2012
2168
2016
2504
1972
1980
1920
2052
1916
2040
1964
2012
2472
1948
2028
1888
2044
1924
2080
1916
2740
1928
2004
1984
1964
2060
1956
2016
2520
1904
1968
1980
2064
1920
2012
2048
1992
2444
1964
2044
1920
2056
1852
1968
2904
1980
1976
1924
2096
1956
2032
1900
2064
2368
1984
2036
1992
1996
1948
2028
1952
1952
2448
1992
2052
1948
2052
2032
1948
2840
1976
2048
1944
2096
1944
1972
1948
1992
2692
1992
2060
1908
2040
2064
1964
1948
3464
2072
1940
2144
1908
1976
1980
1924
2708
1884
2128
2156
2056
1928
2024
1984
2632
2008
1992
1996
1912
1992
2068
1884
2768
1948
2092
1960
2052
1960
2004
1988
1888
2764
2012
2016
1924
1936
2024
1920
1996
3404
2000
1932
2064
2072
1944
1964
1928
2688
1992
2012
1920
2012
2016
1936
2052
1960
2484
1852
2032
1960
1960
1936
2000
2920
2028
2032
1948
2008
2068
1928
2000
2008
2796
2096
2032
2028
2032
4180
3128
4256
3872
4296
3512
3828
4756
3212
4132
3012
4112
4212
4120
3672
3428
4168
3676
4188
3044
4156
4208
3776
4060
3188
4156
2876
2044
2140
2032
2024
1992
1984
1928
2140
2824
2172
1896
2012
2044
1956
2060
2036
2552
1972
2036
1944
1980
1988
1980
1984
2740
2128
1868
2048
1988
2016
1988
2008
3644
1956
2084
1988
1968
1960
1896
2052
2736
2000
1940
1952
1992
1940
2004
1988
1960
2928
2024
2008
1992
1972
1936
2032
1928
2436
1908
2028
2008
1924
2008
1956
1972
2668
2048
1944
1948
2016
1864
1992
2028
2048
2524
1992
1916
1940
2040
1992
2012
1956
3168
2060
2028
2020
1944
2004
1956
2072
2748
2000
1968
2008
1980
1956
2132
2084
2784
1984
1960
1968
1916
2008
1988
2056
1896
2032
1988
1956
1952
1944
2080
2036
2000
2820
1972
1928
1952
1988
1920
2036
1916
2728
1904
1884
1964
1984
2020
1856
2104
2024
2696
1980
1944
1936
1988
1980
1944
2064
3176
1908
1984
1956
2060
1964
2020
2960
2048
2000
1864
2036
1956
2092
1896
1984
2776
1940
1984
1956
2088
2060
2036
2156
2688
1964
1944
2060
2012
2048
1896
2040
2012
2484
2052
2016
2064
2088
1964
1952
2780
2120
1980
2064
1988
1984
1916
2040
15292
3200
4812
3052
4248
3116
4264
4556
3452
4088
3156
5016
3112
4248
3360
3816
5004
3264
4128
3008
4188
3852
4172
3812
2580
1988
1936
2596
2028
2036
1940
1992
2044
1956
2048
1924
2548
2132
2016
2056
2028
1968
1932
2808
1920
2076
1864
1992
2004
1968
2016
1948
2428
1936
2032
1960
2016
2008
1892
2072
2692
2100
1860
1992
1988
1912
1948
1996
2876
2076
2104
1912
2024
1980
1944
1992
2000
2800
1956
2028
1956
1920
1972
2000
2028
3368
2000
1992
1988
1952
1912
2032
1968
2676
1896
1996
2044
1968
1948
2016
2016
2924
1984
2024
1952
1980
1928
2000
1912
2840
1844
2056
2060
1976
1936
1976
2044
2040
2908
1972
2004
1968
1916
2104
1996
1964
3024
2004
2024
1980
1956
2036
2084
1936
2668
2012
2012
1988
1940
2012
1976
2104
2640
2020
1940
2016
1976
1984
2048
2156
2776
2028
1980
1936
1980
2024
1896
2028
1976
2872
2036
1952
1984
2012
2044
1976
2764
2264
1972
2004
1920
2064
1948
2052
1928
2716
2016
1884
2012
1952
2072
2084
1968
2752
1992
2008
1900
2056
1904
2072
1816
2828
1984
1964
2012
2028
2080
2092
2064
2008
2700
1952
2008
2036
1944
2016
1936
2736
2420
1964
2032
1976
2060
2076
2096
2728
2036
1988
1904
2040
2020
2092
1880
2060
2692
1940
1940
1928
1992
2220
2016
1976
2780
1984
1900
2048
2024
2028
1924
1996
2012
2660
2040
1968
2112
1944
2060
1924
2844
2072
1944
2052
1964
2048
1888
2036
2780
1984
1984
2000
2068
2056
2028
1960
1972
2824
1960
2068
1960
2100
1900
2008
1988
2716
1988
2008
2020
2088
2056
2000
2040
2892
1916
2048
1996
2020
1884
1996
1976
2764
2028
2016
2052
2204
1988
2016
2000
2528
1936
1992
1956
2076
1824
2032
1932
1980
2792
1984
2060
1956
2052
2004
1964
1976
2776
1984
1980
2040
1920
1996
2076
1872
1948
2428
1992
1968
2020
2048
2020
1976
1976
3228
1936
2064
1876
2004
1996
1948
2060
2444
2088
1940
2004
1980
2004
1980
1896
2920
1920
2076
1884
1976
2044
1924
2048
2832
2032
2116
2036
2016
1924
1944
1904
2100
2756
2064
1960
2012
1984
1940
1916
1984
3252
1964
2084
2044
1996
1960
1956
2912
1956
2100
1900
2052
1900
2032
1992
1976
2796
1920
2036
2076
1960
1988
1948
2068
2688
2060
1944
2012
2028
1992
2020
1964
2076
2480
2028
1976
1988
1940
1924
2116
2648
2664
1824
2064
2012
2000
2056
1960
2984
2016
2116
1936
1976
1984
1916
1996
1932
2792
1912
1992
1952
1892
2028
1976
2128
2816
2120
1932
2004
2040
1892
2024
2028
2776
1908
1984
2044
1904
1960
1976
2036
3364
2068
2120
2000
1960
1912
2036
1948
2668
1948
2044
2036
1968
2036
1952
1980
1912
2752
2012
1968
2008
1964
1964
1892
2152
2408
1992
1988
2004
2040
1964
2048
1916
2012
2444
1984
1980
1928
2028
1968
2072
2704
2636
2032
1992
2068
1988
2048
1932
2852
1964
2004
2008
1912
2100
1932
2012
1932
2812
1976
1908
1944
1944
2084
1968
2072
2644
1988
1896
1968
2048
1904
2064
1936
2040
2440
1948
1968
1948
2068
1876
2076
1952
2732
1952
1988
2024
1972
2016
1948
2024
2704
1952
1992
1956
2152
1852
2104
1940
2024
2404
1916
2020
1928
2072
1896
2104
2780
1920
2040
1924
2096
1972
2028
2036
2016
2256
1912
2072
1944
2060
1888
2036
1992
1972
2432
1984
1932
2156
2064
2004
1972
2792
2008
1976
1908
1988
1924
2068
1972
1900
2676
1948
2088
2036
2040
1996
2012
2036
3448
2092
4448
4252
3488
3776
4744
3196
4292
3064
4144
4052
4108
3808
3456
4100
3784
4164
3016
4296
4292
3780
4116
3216
4168
3848
4304
3092
4156
4788
3548
3368
1908
2048
1972
2056
1920
2792
2080
1972
1992
1964
2052
1976
3048
2032
1980
1952
1912
2036
2000
2056
1888
2776
1952
1928
2040
1996
2012
1952
2068
2644
1980
1968
1980
2048
1932
2068
1876
2584
2008
1936
1992
1964
2024
2084
2028
2020
2680
2016
1912
2032
1948
2028
1940
2008
2388
1956
1920
1924
2048
1972
2012
2004
2004
2452
1920
1972
1916
1992
1880
1984
2064
2792
2028
1912
2072
1880
2032
2008
2024
2552
1904
2036
1928
2040
1912
2020
1992
1924
2452
1976
1976
1904
2076
1912
2016
2804
1920
2148
1948
2092
1956
2024
1904
1944
2640
1972
2032
2124
2000
2044
1988
1948
2720
2032
1948
2016
1864
1968
1992
1936
2820
2000
2028
2004
2056
2036
1964
2060
1928
3000
1932
2072
1920
1956
2068
1948
1996
2908
2152
1860
2120
1872
1992
1932
1924
2656
1916
2116
2096
2024
1956
2024
2040
2740
2016
2108
2040
1948
1900
2048
1960
2784
1924
2112
1876
2024
1972
1948
1944
1944
2900
2084
2044
1936
1920
1980
1924
2040
3048
2032
1916
1984
2044
1956
2020
1936
2748
1876
2032
1992
1960
2008
1964
2096
1916
2520
1960
2000
2016
2012
2012
1932
2904
2168
2024
2028
1972
2016
1924
2044
1896
2852
1892
2008
2004
1972
1956
1988
2096
3196
2124
1972
1996
1976
1964
2072
1960
2660
1936
2020
1944
1976
2012
1992
2088
2840
2060
1968
2028
2000
1892
1996
1972
2824
1928
1992
2012
1936
2036
1916
2064
2160
3076
1964
2012
1956
2032
1992
1916
2908
1904
2040
1972
1944
1956
1980
2008
2980
2044
2032
1964
2036
1984
2076
2004
2084
2584
1944
2060
1872
1984
1932
2104
1932
2712
2052
2012
1928
1900
2080
1968
2040
1936
2896
2040
1912
2044
1956
2160
1912
2048
2812
1948
1956
1908
2008
1904
2012
1876
2764
1896
1976
2012
1940
2080
1924
2028
1944
2656
2012
1924
2080
1948
2004
1928
2840
2040
1936
1956
1968
2016
1892
2032
1912
1988
2040
1904
1976
1952
2108
1872
1968
1996
2740
1948
1964
2116
1892
2040
2040
2648
1980
1864
2140
1912
2160
1840
2020
1996
2884
1972
1932
2052
2112
2080
2072
1952
2712
11596
4092
3332
4192
3456
3820
4148
4220
4200
3016
4240
3004
4776
3776
3588
4236
3936
4192
3132
4132
3452
4628
3360
1912
1976
1968
2100
2596
2056
1940
1984
1952
1968
2048
2012
2116
2548
2008
2076
1984
2044
1960
1980
2004
2796
2040
1968
1952
1968
2088
1884
2084
1964
2736
2004
1944
2024
1924
2040
2028
3004
1952
1952
2016
1968
1996
1988
2100
1840
2664
1972
1960
2012
1964
2064
1932
2036
2756
1972
1992
1904
2084
1908
2108
1916
2728
2064
1920
2044
1920
2040
2124
2064
1948
2764
1944
1916
2064
1880
2048
1964
2032
3300
1972
1948
1952
2072
2144
2004
2804
1996
1992
1900
2048
1936
2016
1940
1980
2716
1948
1996
2024
2064
1952
2032
2008
2724
2000
1904
2008
1936
2092
1888
2060
1972
2520
1984
1988
2000
2040
2112
1988
2728
2372
1940
1996
1932
1988
1904
2012
2000
2608
2024
2004
2032
1928
2080
2004
1988
2816
1940
2072
2008
2000
1864
1972
2004
2764
1996
1972
2044
1912
2068
2080
2052
1960
2604
2036
1952
1972
1940
2036
1976
1908
3252
1940
2052
1936
2028
2100
2000
1952
2484
2048
2016
2076
1836
2012
1952
1856
1952
2544
2096
1952
2096
1976
2024
2000
2716
2060
1984
2036
1916
2056
1968
1980
2032
2736
2132
2052
2024
1948
1960
1992
1972
2756
2008
1964
1948
2020
2032
1896
2020
2688
2064
2096
2020
2052
2036
1988
1948
2056
2396
2052
1964
1988
2040
1920
2036
2700
2088
1968
2012
2008
2004
2020
1856
2140
1912
2028
1860
2044
1976
1952
2020
1932
2112
2832
2056
1988
2020
1984
1968
2028
2712
2116
1884
1940
2044
1968
1952
1988
2032
3040
2072
1984
1980
1968
1912
2012
2044
2628
1916
1988
2008
1960
1976
1948
1996
2736
2044
2012
1948
2032
1928
2060
1892
2028
2556
2064
1976
1904
2004
1972
2092
2784
1996
2064
2008
2008
1964
2048
1892
2076
2564
2028
1948
1972
1968
2000
2052
2092
3336
1924
2016
2012
1948
2012
1936
2040
2736
1988
1964
1924
1952
1944
2024
2140
1972
2540
1988
1968
1932
1992
1916
2076
2900
2000
2056
1964
2000
1940
2024
1996
2028
2672
1984
2008
1928
2008
1968
2104
1928
3600
2008
1956
1952
2000
2072
1988
1992
2520
1924
2004
1948
2048
1968
2096
1920
1984
2440
1944
1960
1900
2064
2100
2080
2752
1996
1984
1932
2036
1964
2048
1856
2052
2684
1948
1992
1960
2052
2060
2060
2084
3516
2004
1836
2096
1924
1976
1992
4216
5336
3276
4124
3052
4172
3920
4132
3724
3540
4160
3192
4196
3112
4124
3460
4616
4056
3188
4084
2988
4908
3148
4088
3780
2656
2552
1944
2056
2004
2104
1868
1976
2844
1980
2012
2048
2020
1956
2088
1936
2040
2252
1924
2060
1944
2048
1892
2044
1992
2028
2488
2016
2140
1884
2016
2016
1988
2776
1932
2064
1936
2152
1924
2008
1960
1896
2748
1988
2004
1876
2016
2036
2024
2044
3380
1980
1944
2036
1952
2012
2000
1964
2796
2024
2128
1904
2036
1964
1944
2008
1948
2480
1988
2048
1880
2000
1992
1944
2824
1844
2036
2112
2020
2096
1968
1984
2008
2780
1916
2100
1872
2040
1988
1924
2124
3252
2084
1968
2072
2048
1976
1980
1892
2620
1944
2100
1832
2036
2044
1996
2056
1916
2580
1896
2088
1948
1988
1996
1932
2888
1988
2056
1888
2036
2016
1908
1976
1908
2804
1940
2096
1920
2024
2036
1908
2076
3468
2072
1908
1992
1940
1960
1984
2016
2620
2148
2048
1964
2008
1980
2056
1996
2808
2060
1876
1968
1968
2032
1964
1972
2856
2184
2136
1932
2004
2024
1932
2008
1892
2900
1888
1980
2056
1856
1992
1948
2080
3040
1972
2020
1984
1924
1956
1984
2016
2748
1852
1948
2004
1928
1948
1964
2016
2820
2224
1984
1972
1988
1924
2008
1884
2792
1856
1980
2048
1944
1980
1964
2060
2136
2796
2016
1992
1960
1992
1984
1896
2164
3096
2080
1972
1936
1984
1920
1940
2100
2716
2032
1952
1996
1932
2052
1972
2008
2684
1972
1992
1996
2028
1944
2104
2120
2804
1996
2008
1972
1948
2000
1960
1988
1936
2672
2020
1948
1992
1924
2088
1956
2044
3328
2020
1972
2004
2040
2008
2076
1892
2720
2036
1912
2000
1904
2136
1932
2052
2764
1968
1980
1976
2092
1908
2056
1920
3004
2004
1896
2012
1932
2072
2080
2048
2032
2592
2008
1904
2064
2040
2068
1928
1968
3004
1928
2064
1968
2036
1852
2028
2884
1968
1996
1908
2068
1884
2040
1920
1996
2796
1892
1944
1924
2096
1996
2028
2112
2776
1976
1948
2008
1904
2032
1908
2024
1908
2708
1960
1928
2096
1924
2036
2036
2008
3312
1892
2044
2044
2132
1936
1988
2896
1912
1996
1940
1940
2096
2108
2084
2076
2716
1920
2088
1976
2088
1896
2008
1984
2680
1968
1996
2068
2068
2016
2016
2000
2928
1960
2092
2020
2048
1916
2056
1960
2824
1976
1996
2060
2000
2076
2084
2028
2268
1948
1980
1928
2076
1888
2060
1952
1964
3092
1980
1992
1900
2020
2036
2020
2004
2552
2012
1912
2040
1928
2012
2080
1956
1996
2356
2016
2132
2092
1988
1960
2032
2600
2476
1988
2056
2020
1948
2052
1964
2932
1960
2048
1932
2040
1976
2000
1992
1940
2736
1904
2036
1888
1996
1956
1900
1964
2920
2008
1912
2100
1960
2040
1980
1964
2132
2676
2036
1960
1948
2004
1988
1960
2628
2524
1972
2060
2008
2012
1940
1912
2948
1968
2048
1964
1980
1988
1952
1924
1972
2792
2136
2112
1976
1980
1948
1964
2080
2420
2044
1876
2076
1892
1972
1992
1992
2092
2424
2044
2032
2032
2000
1884
2028
2728
2516
1940
2056
2020
1916
2008
1920
2868
2208
2060
2044
1984
2008
1940
2088
1936
2756
1896
2072
1964
1924
2004
1920
2076
2688
2028
1940
1980
1976
1876
2036
1892
2076
2420
2056
1964
1916
2064
2012
2004
2892
2656
1960
1984
2020
1956
2044
2008
2816
1964
2000
1932
1944
1996
1980
2080
1896
2764
2044
10496
5024
3120
4128
3108
4156
4232
3840
4172
3240
5104
2960
4228
3328
4036
4596
3588
4188
3120
4284
3896
4308
3440
3912
4084
4100
4160
3060
4148
3224
4644
3416
2028
1984
1932
2164
2728
2032
1916
2028
1964
1992
2020
1940
2040
2372
2072
2068
1972
1984
1856
2048
2700
2052
1880
2028
1956
1908
1996
1996
2076
2088
2056
2056
1960
1968
1960
2060
1936
2036
2536
2004
2008
1948
2000
1940
2092
2860
1996
1964
1956
1984
1844
1944
1968
2004
2652
2032
1996
2004
2016
2012
1992
1924
3588
2124
1992
1996
2000
1996
1936
1992
2492
2016
1976
2000
2016
2000
2096
2120
2060
2368
2004
2000
1904
2068
1888
2008
2712
2024
1960
1944
2036
2004
2016
2184
2028
2880
1956
2020
1984
2004
1948
2012
1944
3148
1928
2016
2036
2076
2036
2128
2048
2436
1988
1992
1980
2088
1940
2124
1868
2008
2420
1880
2032
1936
2032
1900
2020
2896
1976
2036
1888
2132
2036
2040
1928
1940
2748
1972
2012
1952
2072
2016
2072
1912
3360
1956
1964
1992
1984
2056
1888
2028
2736
1924
1976
1996
1976
2088
2048
2024
1980
2436
1972
2028
1908
1984
1952
2044
2900
1896
2008
2004
1992
2136
2092
2120
1980
2720
1964
2028
1876
2004
1912
1980
1980
3412
1992
1904
2136
1884
2020
2056
1948
2716
1976
2060
1940
2056
1944
2004
2008
1996
4236
3732
4204
3116
4084
4692
3360
3952
3256
4092
3828
4232
3380
3800
3900
3952
4220
3036
4304
3240
4900
3764
3500
4140
4028
4168
3064
4196
3424
4664
3424
1920
2016
2032
2040
2016
2804
1976
1996
2028
1952
2116
1952
1996
2656
2072
1920
2004
2028
1976
2120
2064
2276
1992
2020
2008
1924
1952
2048
2076
1888
2636
1996
1896
1976
2008
2016
1968
1996
2684
1992
1916
1912
1980
1956
2056
1964
2000
2464
2000
2020
1984
2012
1852
2028
1968
2880
1992
2032
2088
1920
2124
1924
2048
2424
2024
2032
1956
2084
1920
2100
1976
2644
2036
1892
1992
1952
2056
1876
2064
2684
1936
1940
1940
2092
2108
2056
2044
1952
1996
1960
2100
1992
1956
2012
1972
2028
1940
2328
1980
2048
2156
2036
1976
1984
2792
1932
2080
1880
2020
1920
2040
1952
1960
2708
2012
2044
2148
2040
2068
1972
2112
2932
2024
1980
2036
2012
2060
1972
1888
2724
1992
2096
1996
2000
2056
2036
2056
2600
1932
1916
1984
1936
2036
2012
1984
2792
1920
1976
2068
2028
1988
1976
2004
1908
2712
1932
2020
1940
2032
2020
1988
2004
3284
2008
2120
2056
2000
1956
1948
1940
2648
1964
2100
1916
2004
2000
1856
2052
2028
2536
1948
2116
1992
1988
1980
1988
2788
1996
2036
1932
2036
1964
1884
2020
2004
2840
1968
2048
2032
2008
1952
2008
2048
3228
2004
1936
2072
2036
1940
2028
1928
2780
2068
1996
2004
2048
2000
1904
2056
2692
2108
1888
2052
1984
1952
2028
2060
2784
2508
2100
1940
1924
2016
1996
2060
2716
2072
1864
2016
2048
1964
1968
1932
2844
2068
2100
1904
1944
2012
1964
2076
1940
2096
1952
1992
2032
1900
1972
1952
2116
2744
2064
2000
1984
1964
1920
2172
1924
2844
1900
1996
2004
1916
2064
2000
2032
1928
2780
1996
1952
2000
1916
1984
1932
2016
3408
2060
2020
1888
1952
1984
2032
1952
2740
1976
2024
1972
1900
2052
1960
2104
2556
2008
2032
2012
1960
1952
2024
2156
2756
1992
2040
1960
1904
2028
1948
2032
1904
2844
2036
1888
1936
1956
2020
1920
2008
3356
1996
1996
1896
2060
1904
2124
1904
2704
2008
1952
1980
1992
2008
2156
2024
2752
1964
1960
1976
2088
1992
2072
1900
2652
2048
1936
2000
2004
2024
2128
2128
2008
2608
2076
1880
2044
1964
2024
2016
2864
2104
1944
2040
1960
2076
2112
2032
2812
2012
1996
1900
2012
1952
2028
1940
2008
2724
1996
1984
1964
2016
1976
2040
2000
2664
1940
1916
1972
1988
2028
1916
2032
1984
2732
1928
1956
2152
2140
1992
1976
2600
2532
1956
2028
1888
2052
1892
1992
2868
2072
1940
2028
2012
1944
2120
1996
1992
2716
1972
2052
1944
2012
1936
1996
2064
2664
2012
1956
2116
1892
2060
1980
1960
1964
2676
2016
1936
2012
1976
2040
2048
2652
2388
1956
2100
2032
1984
2048
2016
2876
2016
2068
1932
2052
1892
1976
1952
2000
2736
1940
2120
1876
2068
2008
1936
2000
2676
2056
1980
2028
1940
1988
2040
1940
1972
2608
2020
1924
2032
2000
2056
1968
2628
2564
1940
2008
1892
2012
2036
2000
2012
2628
2084
1960
2100
2048
1932
2016
1920
2820
2012
2012
1932
1984
2044
1956
1980
2796
2052
1900
2028
1928
1980
1924
1896
2036
2748
2112
1828
2052
1988
1868
2008
2724
2672
2056
1996
2012
1976
1932
1916
2936
1980
2036
1968
1976
2036
1920
1928
1960
2792
1960
2016
1948
2048
1980
1912
2028
2724
2108
1936
2032
1996
2004
1996
2008
2076
2348
2052
1932
2020
1948
1924
2096
2700
2532
1956
2040
1980
1884
2016
1964
2012
2612
2020
1996
1972
1992
1952
2068
1920
2896
1888
2016
2044
1984
1964
1980
2076
2788
2020
1972
2004
1976
1900
2048
1920
2004
2528
2004
2016
1980
2044
2052
2040
2884
2640
1996
2036
2004
1904
2056
1976
2980
1976
2020
1944
1996
2052
1988
2040
2120
2840
1976
2004
1972
1948
2052
1932
2040
2416
2000
1948
1952
2060
1976
1940
2088
2904
2060
1940
1980
1936
2096
1892
2048
3092
2072
1984
1920
1952
1916
2084
1876
2872
1988
2020
1968
1944
2020
1988
2056
1868
2632
2008
1940
2024
1964
2044
1924
2008
2632
1976
2052
1880
2108
1904
2004
1888
2020
2544
1944
1968
2008
2088
1900
2060
2740
2660
1992
1928
2076
1936
2112
1888
2884
1984
1936
2060
1968
2072
2072
1996
1984
2756
1944
2032
2040
1944
2052
1972
1988
2504
1928
1956
1936
2124
1960
1988
2104
1976
2404
1968
2136
1944
13384
3468
3760
4084
3920
4096
2892
4220
3124
4936
3732
3460
4180
3100
4996
2952
4192
3564
4620
4156
3252
2212
1984
2000
2056
2872
2016
1940
1984
1972
2028
1924
1984
2824
2028
1952
1972
1976
1976
2092
1856
1976
2620
1968
1952
2008
2008
1988
1956
1936
2760
1940
1956
2064
1928
2132
3492
4216
4556
3528
3980
3076
4232
3748
4256
3436
3784
4840
3216
4096
3004
4248
3168
4348
3796
3484
4068
3912
4232
2992
4232
3464
4516
4144
3208
3348
1968
2032
2916
2040
1968
2008
2024
1912
2036
2680
2664
1884
2056
1992
1952
1940
1924
2864
1992
1996
2056
2024
2024
1936
2064
1884
2796
1936
2100
1936
1976
1984
1992
2172
2660
2004
2028
1960
2004
1944
2080
1984
1956
2512
2012
1996
1936
1964
1952
2072
3720
2068
1908
2080
2008
1968
2032
1920
2772
1928
2012
1940
1928
1996
2012
2072
1900
2752
2036
1964
2012
1904
2032
1968
2004
2472
2012
2044
1908
1964
2012
2000
2108
2036
2492
2028
1980
1952
1964
1932
2176
2620
2596
1984
2008
2008
1980
2056
2064
2928
2012
2076
1940
1920
2020
1936
1980
1880
2776
1964
1944
1900
1992
2012
2052
2020
2724
1976
2016
1964
2096
1996
2020
1896
1984
2404
1980
1984
1988
2084
2080
2076
3688
1968
1968
1956
2028
1988
1996
1896
2852
2028
1972
2016
1964
2072
1916
2144
1920
2684
2004
1908
2056
1944
2064
1960
2000
2488
1968
2036
1964
2040
1916
2088
1964
2700
1956
1932
2060
1976
2068
1852
2012
3544
1924
2028
1904
2000
2128
2040
1984
2680
2036
1944
2028
1884
1996
1972
2024
1988
2680
2044
2000
2076
2124
2080
1952
2008
2416
1924
1952
1976
1992
1996
2060
1940
2612
2032
2004
2032
1920
2040
1952
1996
3524
1888
1992
1936
2008
1956
2036
1992
2876
1992
1956
2036
1968
2088
1984
1980
1968
2732
2008
2056
2060
1872
2080
1944
1984
2444
1980
2088
2188
2144
2000
1968
1968
2844
1988
1912
2068
1908
1944
2080
1996
2964
1940
1960
2064
1988
2040
1956
1980
2748
2088
2012
2004
1916
2016
1992
1924
2028
2644
2036
2168
2032
2024
2044
1948
2652
2964
2052
2072
1920
2064
1892
1960
2024
2632
2096
2108
2000
2004
2016
1948
2744
1984
1976
2056
1900
1980
2036
1948
1984
2036
2132
1936
2068
1996
1928
1936
1912
2008
2688
2148
1904
2052
1944
1908
1996
1968
2492
2140
2036
2000
2020
1952
1968
2024
2604
2016
1876
2080
1980
1988
2072
1948
3696
1916
2056
1948
1976
1948
1896
2032
2732
2080
1916
1988
1980
1940
2072
1960
2128
2580
2008
1984
2024
1944
1908
2068
2780
2088
1872
2024
1984
1976
1924
1984
2024
2768
2080
2020
1964
1996
1928
2072
1892
3428
1844
2016
2016
1940
1940
2004
2068
2832
2056
1924
1980
1984
1964
2088
1940
2084
2368
2020
2012
1924
2044
2036
2040
2828
2004
1992
1976
2000
1908
2036
1924
2052
2632
2104
2020
1900
2036
1952
2032
1944
3356
2012
1976
1968
1960
2064
1932
2040
2672
2004
2008
1928
1972
2032
2040
1892
2036
2524
2012
2020
1876
1964
1920
2112
1876
2724
1952
1944
2028
1976
2040
1868
2028
2076
1976
2016
1900
1980
1924
2096
1856
2000
2856
1960
2012
1920
1968
1968
2036
1984
2628
1956
1960
1964
2016
2080
1896
2004
1984
2532
2016
1928
2036
1916
2072
2000
2720
2172
1916
2068
1900
2064
1992
2068
2864
1968
2024
1912
2060
2084
2112
1952
1988
2656
1968
2060
1984
2000
1912
1976
1980
2736
2028
2004
1996
2004
2036
2044
1960
1984
2376
2044
1968
2056
1960
2020
1996
2660
2580
2004
2036
1896
2108
1972
1988
2820
1936
2032
1948
2020
1956
2024
2012
1880
2708
2004
2080
2096
1976
2052
2004
2004
2712
2044
1924
2040
1864
1992
2024
1936
2032
2456
2104
2008
2020
1904
2004
1992
2660
2652
1928
2028
1924
1996
2000
1968
3016
1940
2044
2052
2048
1936
2024
1960
1956
2744
1920
2032
1972
2076
1916
1904
1972
2736
2064
1880
1980
2080
2008
1972
1908
2052
2368
2108
1880
2020
1988
1956
2008
1940
3248
1876
2016
2084
2000
1988
1892
1956
2428
1960
1932
1984
2016
1984
2068
1940
2060
2724
2060
2004
1984
1948
1936
2068
2692
2028
1920
2004
1960
1940
2024
1928
2040
1916
2004
1992
2016
1968
1940
2104
1980
2100
2260
2016
1920
1920
2052
1960
2020
2728
1996
2040
2028
1960
1948
1992
1932
2076
2668
2036
1968
1984
1992
1932
2152
1908
3552
1928
1972
1996
1912
2052
1984
2024
2680
2036
1932
1968
1956
1932
1996
1980
2000
2596
2012
1988
1960
2016
1956
2088
2796
1996
2004
1928
2036
2012
2076
2032
2052
2708
2012
1916
1952
2080
1932
2132
1860
3408
1912
2004
1980
1972
2008
2148
2056
2532
1964
1960
1992
2000
2000
2040
1880
1952
2484
1856
2048
1928
2060
1988
1968
2904
1988
1964
1896
1960
1888
2036
1920
1984
2772
1988
2016
1948
2104
2052
2104
1992
3592
2024
1860
2000
2024
2020
1948
1956
2800
1896
2020
1936
2076
2132
2072
1920
1988
2408
1956
2020
2000
2036
1936
1996
2936
1944
1956
1892
1992
2004
2056
1992
3944
4188
3988
3928
2988
4212
3468
4492
3952
3168
4156
3008
4900
3096
3940
3848
3472
4524
3144
4028
3000
4316
4028
3756
4144
2408
2000
2684
2096
2128
2056
1980
2004
1924
2008
1968
2436
2020
1904
1992
2020
1896
1984
2024
2544
2060
2020
2092
2000
2000
1892
1984
2676
2056
1836
1992
1940
1852
2012
2000
3700
1936
2008
2052
2012
2024
1928
2064
2816
2080
1916
1960
2004
1920
1972
1948
2044
2644
2032
2032
1980
1992
1896
2032
1980
2504
1908
1952
1964
1924
1940
1948
2048
2200
2064
2020
2004
1936
1880
2012
1904
2008
2732
2008
2060
1908
2012
1932
11900
3116
4104
3852
4252
4060
3180
4120
3680
4520
3408
3920
4124
4064
4132
3020
4260
3032
4924
3792
3536
4168
3976
4176
3016
4220
3308
4580
3968
2336
1936
1968
2116
2164
3220
1916
2048
2012
1880
2056
1908
2060
2652
2084
1952
1920
2016
1976
2068
2076
2008
2404
1976
1948
1988
2068
1984
2056
2696
1976
1960
1944
1988
1968
2112
1900
2016
2736
1916
1952
1900
2044
1892
2096
1884
3608
1992
1904
1940
1912
2012
1864
1988
2772
1996
1968
1992
2056
2008
2032
1928
2012
2772
2012
2036
1908
2044
1852
2024
2932
1952
1960
1932
2036
1964
2048
1928
1988
2772
1984
1988
1960
2032
2128
2136
2040
3260
1968
1944
2084
1984
2060
1968
2008
2644
2020
1960
1924
2036
2136
2004
2044
1960
2452
2028
1964
1944
2032
1948
2008
2768
1928
1932
1976
1996
2000
2028
2004
1960
2712
1968
2048
1888
1916
1984
2000
2004
3628
2044
2008
1956
2080
2004
1988
1972
2704
1896
2116
1940
2004
1912
1980
1932
1936
2512
1996
1988
2100
1988
2008
2040
2800
1960
2036
1928
2068
1912
2068
1976
2000
2672
2000
1984
2112
2104
1968
1944
1932
3384
1980
2000
2084
1892
1980
2056
1896
2836
1948
2076
2212
1996
1976
1960
1928
2724
2024
1940
2032
1856
2044
2028
1944
2716
1948
2104
1940
2036
2004
2028
1888
1920
2748
2008
2024
1936
2020
1984
1924
1948
3332
2112
1964
2040
1944
1992
1940
1976
2660
2016
2024
1888
2044
2024
1972
2044
1944
3300
2116
2028
1960
1972
1992
2012
2764
1992
1984
1904
1996
2008
1944
1960
1940
2924
1976
2004
2012
2008
1908
1948
2932
1972
2032
1900
2036
1908
1976
2032
1900
2636
1952
2052
2008
1988
1936
1956
2028
1952
2472
1928
2004
1968
1920
1960
1888
2780
1936
2040
1984
1952
2020
1976
1992
1928
2036
1888
1976
2004
1924
1996
1940
2108
2084
3000
1964
1984
2016
1980
2072
1956
2984
1832
2040
1964
1940
2020
2008
2044
2088
2728
1988
2020
1996
1956
1984
1952
2016
2612
1996
1968
1964
1944
1956
1964
1940
2676
2020
1992
1968
1936
2096
1972
2052
1932
2648
2096
2000
1956
1976
2032
2136
1992
2452
1968
1940
1908
2036
1948
2016
1904
2056
2400
1912
2016
1972
2064
1976
2076
3632
2008
2016
1948
2056
1968
2004
1988
3000
1992
1888
1988
1984
2012
1924
2044
2012
2704
1972
1916
2064
1992
2012
1932
2040
2360
1924
1940
1976
2056
1928
2024
2024
1924
2448
1888
2060
1920
2048
1868
1960
1976
2796
1972
1968
2068
2116
2052
1972
1956
2520
1924
2016
1960
2060
1944
1980
2032
1948
2576
1976
2056
1924
2012
1992
2004
2840
1892
2020
2048
2040
1948
2004
1936
1912
2324
1928
1972
1968
2024
1960
1960
1952
1924
2628
1908
2040
1956
1984
2076
1928
2928
1956
2096
1872
2072
1972
1996
1964
1920
2784
1920
2036
1880
2008
2004
1920
1964
3600
1996
2124
2040
2020
1980
1988
1892
2772
1960
1980
1872
2032
1952
1964
1940
2016
2664
1964
2052
1948
1972
1940
1896
2932
1936
2068
1924
2032
1972
1912
1988
1936
2772
1940
2008
1992
1920
2012
1972
1984
3556
2040
1908
2016
2032
1924
1968
1904
3088
1880
2096
2000
1976
1976
1940
1976
1988
2548
1904
2056
1904
2000
1960
1992
2952
2164
2016
2044
2028
2004
1864
2036
1920
2772
1852
2012
1984
1984
1972
2000
2000
3372
1984
2104
1948
2024
1904
2048
1936
2696
1896
1984
1988
1940
1996
1940
2016
1924
2612
1916
1964
1972
1856
2036
1980
2884
1996
2064
1948
1964
2020
1972
1980
2076
2824
1988
1980
1984
1892
1988
2072
2088
3324
2028
1980
1904
2036
1928
2012
2040
2868
1976
2028
1976
1900
2008
1972
2048
2744
2052
2004
1952
2004
2000
2048
2068
2832
1956
2008
2040
1900
2056
1980
2028
1824
2660
2032
1936
1928
1896
2064
2172
2000
3384
1960
1968
1976
2052
1936
1976
1920
2692
1944
1900
1928
1940
2040
2176
2060
2772
1968
1940
1932
1992
1936
2132
1920
2804
2000
2040
1980
1944
2068
1852
2040
1976
2692
1888
1952
2000
1940
2044
1992
1976
3300
1968
2012
1936
2016
1960
2072
2028
2916
1960
1916
4152
2968
4260
3560
4780
4072
3264
4164
3028
4532
3080
4044
3716
4340
4012
3164
4180
2980
4920
3464
3808
3944
3312
4020
1904
2064
1900
2024
1996
2036
2004
2732
1980
1980
2080
1852
2004
2004
1924
2772
1992
2048
1944
2108
2008
1952
1968
1952
2104
1872
2012
1964
2004
2028
1892
1964
2692
2032
1916
2080
1944
1988
2016
1924
2820
1976
2032
1924
2008
2000
1904
1984
1988
2916
1920
2072
2020
2040
2012
1948
2900
1920
2076
1932
2016
1972
1904
1996
1992
2620
1944
2108
1992
1968
1964
1920
2048
2800
2132
1968
2064
2000
1944
1928
1904
2872
2100
2084
1956
1936
1952
1924
2056
1956
2828
1884
1996
2068
1936
2044
1968
2080
2972
2016
1996
1968
1948
1920
1968
2044
2632
1952
2064
1988
1956
2068
1964
1940
2724
2052
1936
1932
1980
1944
2116
1960
2860
1876
1992
2092
1956
2004
1964
2032
2104
2892
1928
1956
2000
1892
2020
1956
1920
3240
2028
2020
1896
2012
1948
2000
1964
