85083
99254
69281
69519
69112
70056
69431
69281
69744
69531
69418
69588
68906
69962
69481
69437
70000
69282
69556
69162
80956
69887
69693
69307
69732
69731
69162
69500
69194
69681
69338
69438
69550
69719
69213
69282
69025
69425
69575
69331
69394
69862
69387
69338
68988
69238
69800
69438
69381
69631
69550
69357
69225
69144
69888
69394
85212
70006
69219
69606
69238
93333
67035
66650
66615
66900
66910
66610
66295
66600
66845
66575
66540
66725
67055
66445
66650
66220
66895
66835
66365
66510
67010
66555
66720
66300
66475
67105
66700
66825
66640
66810
78495
66635
66470
67075
66635
66395
67055
66570
67015
66265
66115
67020
66835
66500
66980
66675
66790
66325
66360
66980
66690
66545
66610
66885
66470
66770
66255
66825
66990
66345
66540
66935
66350
66750
66260
66450
67075
76620
66865
66790
66770
66490
66530
66440
67115
66650
66405
66960
66695
66735
66460
66035
67120
66630
66405
67080
66695
66780
66165
66465
67050
66590
66325
66780
66970
66300
66515
66355
66845
66915
66470
66525
67000
66455
77060
66440
66485
66890
66615
66725
66830
66750
66455
66480
66205
67115
66835
66330
66980
66630
66805
66420
66065
67200
66605
66350
67165
66660
66915
66190
66425
67185
66700
66510
66730
66785
66435
66660
66320
66920
66700
66525
80415
67060
66380
66875
66320
66505
66835
66520
66570
67055
66635
66560
66405
66260
67285
66625
66240
67050
66665
66670
66655
66070
67045
66625
66365
67080
66735
66935
66365
66280
67020
66855
66590
66815
67040
66345
66580
80810
66800
66575
66580
66665
67000
66435
66655
66315
66850
66840
66535
66550
67080
66600
66730
93815
64085
64690
64100
64290
64340
64385
64200
64030
63975
64595
64315
63865
64630
64020
64465
63885
63805
64665
64215
64215
75955
64430
64185
64065
64050
64570
64155
64170
64260
64585
64030
64280
63760
64525
64430
64005
64040
64575
64085
64285
63710
64055
64540
64095
64400
64325
64325
64180
64080
64135
64670
64165
64030
64590
64220
64490
64085
63770
110200
64555
64155
64550
64375
64405
64065
64120
64520
64245
64000
64200
64650
64015
64165
64005
64380
64475
64150
64160
64655
64225
64180
63795
64035
64590
64135
64415
64490
64470
64005
64060
63940
64675
64345
64130
64505
64295
77480
64315
63720
64630
64335
64150
64590
64445
64475
63725
64130
64715
64220
64040
64475
64605
64045
64125
63920
64385
64365
64185
64045
64595
64105
64390
63920
64060
64535
64045
64210
64510
64505
64040
64130
63665
64655
64365
64005
79955
64450
64440
64175
63640
64705
64420
64080
64735
64045
64410
63790
63900
64820
64180
64130
64500
88985
61875
61950
61800
62130
62105
61965
62115
62435
61810
62235
61575
61865
62210
62045
62040
62350
62250
61970
61780
61615
73140
62160
61785
62390
62135
62025
62055
61535
62570
62105
61810
62470
62040
62340
61765
61555
62395
62065
62025
62225
62440
61825
61900
61780
62200
61865
62030
62075
62410
61805
62085
61510
62215
62190
62065
61810
62520
61980
62075
61650
72850
62530
61965
62195
62185
62405
61985
61710
61720
62430
62045
61725
62495
61880
62405
61810
61595
62345
62095
62000
62245
62290
62005
61725
61985
62230
61890
62060
62050
62360
61760
62070
61710
62100
62330
61825
61790
62470
61870
62225
75600
61905
62315
62110
62205
62170
62175
61970
61820
61600
62420
62025
61785
62310
61940
62360
61805
61375
62510
62140
61830
62370
62110
62150
61600
61745
62315
62065
61785
62030
62350
61695
62025
61635
62140
62175
61930
61905
62530
61855
74295
61750
62025
62440
61940
61965
62295
62380
61825
61855
61515
62480
62030
61770
62365
62030
62140
61895
61330
62530
62135
61850
62480
62030
62355
61600
61840
62540
62130
61885
62240
62275
61930
61875
61515
62260
62140
61940
61915
62490
72615
62220
61780
61840
62355
62030
62045
62455
62160
61870
61935
61430
62520
62035
61760
62400
62225
62190
61910
61320
62460
62095
61740
62630
61970
62295
61575
61645
62575
61930
61925
62315
62290
61800
62110
61625
62255
62045
61905
75400
62605
61905
62300
61615
61895
62040
85130
60025
60380
60270
60060
59785
59595
60470
59995
59820
60360
60300
60035
59965
59415
60475
60030
59825
60425
60005
60195
59840
59605
60400
60040
59975
60300
60480
59885
59800
59945
60085
59845
59905
71860
60525
59855
60135
59550
60160
60200
59965
59685
60425
60140
60165
60250
59930
60535
60150
60345
60060
60270
60050
59810
59755
60510
60030
59940
60500
60020
60390
59825
59645
60385
60005
59945
60285
60240
59960
59870
60025
60065
59940
72490
60185
60515
59830
60160
59860
60180
60280
60020
59965
60410
60010
60105
59860
59800
60345
59915
60170
60145
60090
59865
59890
59665
60405
59880
59915
60280
60130
60195
59870
59500
60360
60035
59875
60360
60035
60250
59685
60085
60245
59940
68480
60275
60425
59910
60000
59820
60150
60115
60020
59810
60495
59810
60170
59655
59790
60465
59995
59960
60125
60245
59890
59925
59505
60545
60015
59825
60445
60115
60200
59910
59330
60325
60005
59810
60370
59985
60170
59600
60020
60330
60040
70875
60365
60355
59835
59965
59690
60255
84678
58296
58332
58856
58192
58540
58024
58140
58536
58296
58464
58740
58408
58248
58224
57780
58860
58312
58008
58760
58352
58556
58340
57668
58732
58532
58192
58964
58348
58572
57984
58156
58676
58456
58268
68852
58724
58060
58388
58012
58560
58248
58328
58488
58664
58196
58544
57988
58260
58400
58248
58336
58656
58492
58416
58120
57968
58784
58252
58332
58596
58492
58412
58212
57856
58772
58456
58148
58880
58312
58664
58024
58012
58660
58448
58436
58568
67680
58392
58132
58324
58480
58204
58380
58448
58852
58200
58424
57944
58492
58592
58176
58140
58744
58288
58552
58000
58108
58580
58316
58580
58460
58524
58364
58204
58064
58752
58404
58092
58716
58360
58628
58192
57984
58656
58464
58280
58692
58564
58440
66852
58244
58496
58292
58364
58492
58724
58184
58324
57936
58336
58692
58272
58264
58736
58156
58512
57920
58144
58684
58304
58404
58584
58452
58348
58216
57940
58716
58232
58264
58716
58428
58504
58112
57832
58696
58532
58132
58676
58444
58564
58004
67560
58824
58332
58248
58540
58700
58164
58344
58060
58504
58464
58348
58184
58764
58140
58412
57932
58156
58660
58256
58420
58468
58492
58228
58140
57928
58908
58308
58188
58732
58388
58456
58144
57584
58792
58388
58192
58692
58448
58540
57864
58180
58692
58640
58332
58432
58640
58220
58300
58004
58532
58328
58316
58368
58748
58224
58480
57988
58164
58632
82226
56796
57076
56804
56750
56642
56176
57196
56562
56484
57116
56758
56962
56766
56118
57142
56762
56642
57158
56762
57030
56514
56454
56982
56930
65292
56918
57146
56508
56750
56412
56892
56670
56804
56926
57112
56538
56774
56334
56642
56808
56646
56646
57254
56700
56850
56350
56450
57158
56612
56600
57028
56818
56854
56446
56258
57108
56850
56692
57104
56682
56972
56366
56462
57018
56746
56850
56954
57022
66024
56504
56792
56954
56612
56796
56858
57308
56512
56712
56292
56868
56858
56646
56516
57154
56824
56892
56482
56454
57020
56708
56938
56742
56904
56724
56658
56328
57154
56708
56446
57084
56738
57050
56488
56392
57070
56800
56672
57014
56812
56828
56514
65000
57004
56814
56712
56792
57162
56642
56750
56420
56762
56966
56758
56586
57088
56658
56746
56370
56512
57070
56600
56788
56984
56874
56764
56658
56312
57130
56620
56570
57032
56822
56878
56574
56058
57108
56674
56588
57016
56838
56934
56404
56778
57020
56646
66220
56946
57108
56596
56692
56522
56886
56830
56712
56584
57154
56632
56918
56408
56496
56962
56604
56758
56972
56938
56670
56646
56150
57174
56858
56568
57092
56810
56932
56480
55984
57224
56768
56476
57100
56650
57064
56346
56486
57142
56672
56638
56850
64558
56820
56708
56412
56946
56784
56716
56746
57246
56450
57042
56408
56546
56984
56620
56820
57070
56808
56766
56528
56196
57268
56612
56558
57076
56792
56938
56696
56054
57088
56770
56536
57188
56750
57070
56488
56424
56958
56876
56600
56862
57076
56516
56704
67042
56866
56666
56766
56846
57208
56542
56892
56330
56796
56858
56642
56746
57192
56804
56816
56358
56422
57238
56618
56828
56858
80147
55484
54980
54880
55664
55392
54980
55620
55112
55692
54884
54968
55580
55292
55236
55492
55428
55328
55108
55200
55348
55116
63608
55456
55696
55156
55356
54888
55340
55364
55060
55016
55616
55264
55472
54820
55036
55608
55240
55400
55408
55356
55336
55084
54896
55640
55184
54928
55564
55200
55612
55008
54868
55600
55244
55152
55556
55300
55388
55100
55096
55428
55180
55176
55372
55576
55064
63616
55016
55300
55336
55184
55368
55676
55192
55428
54916
55012
55604
55684
55428
55492
55604
55400
55268
55044
55732
55308
55272
55644
55320
55436
55156
54720
55680
55296
55144
55668
55420
55452
54988
55204
55644
55244
55056
55520
55560
55116
55300
55112
55424
64904
55232
55308
55880
55124
55524
55108
55116
55416
55156
55412
55568
55400
55144
55188
54792
55640
55196
55076
55680
55332
55456
55168
54516
55604
55492
55020
55804
55272
55532
54984
55012
55672
55244
55132
55528
55496
55192
55276
54952
55368
55288
55232
55324
63992
55388
55520
54940
55188
55504
55248
55268
55664
55472
55300
55068
54816
55916
55052
55160
55608
55528
55500
55152
54804
55780
55288
55144
55764
55404
55560
55048
54880
55416
55344
55272
55500
55704
55108
55128
55136
55368
55228
55320
55380
55700
55068
55444
54812
63632
55472
55388
55192
55700
55356
55428
54984
55068
55664
55148
55456
55336
55468
55336
54936
55028
55752
55264
55232
55752
55116
55668
54960
54776
55584
55348
55248
55496
55584
55232
55080
55260
55304
55180
55292
55348
55656
54968
55268
54904
55296
55468
55040
55092
63180
55188
55560
55032
55168
55568
55260
55508
55392
55336
55368
55160
55008
55708
55164
55240
55652
55180
55576
55128
54756
55688
55388
55176
55584
55392
55380
55088
55224
55456
55252
55148
55252
55636
54952
55320
55008
55444
55264
55228
55208
55760
55064
55392
55056
65416
55696
55316
55340
55536
55556
55192
55216
54840
55712
55264
55200
55684
55324
55492
55108
54628
55652
55296
78582
54283
53846
54075
53479
53867
54212
53950
53708
54116
54075
53800
53784
53563
54083
53838
53830
53916
54371
53683
54062
53737
53667
54146
53725
63704
54471
53979
53845
53816
53375
54263
53888
53659
54334
53933
54175
53854
53138
54271
53941
53733
54433
53879
54054
53633
53575
54275
53871
53771
54196
53988
53738
53859
53500
54083
53854
53845
53984
54275
53683
53970
53525
53896
53992
53841
54000
54191
53904
53908
53729
61458
54445
53704
53804
54292
53967
54038
53746
53275
54229
53880
53700
54334
53892
54125
53621
53583
54121
53933
53808
54113
54229
53729
53692
53850
54050
53821
53800
53996
54350
53641
53880
53455
53925
53975
53758
53633
54254
53866
54063
53558
53617
54238
53646
54059
53913
61870
53987
53700
53504
54279
53837
53721
54354
53750
54258
53658
53366
54142
53909
53704
54241
54059
53917
53734
53804
54008
53770
53700
54008
54183
53741
53934
53475
53888
54079
53642
53700
54271
53884
54142
53658
53613
54292
53771
53979
53995
54017
53834
53829
53537
54254
61670
53971
54270
53900
54266
53754
53429
54288
53900
53791
54263
53916
54042
53600
53837
54063
53787
53666
54037
54196
53634
53838
53575
54000
54034
53725
53720
54450
53755
54038
53538
53621
54212
53695
53879
53991
54146
53863
53808
53463
54317
53759
53675
54329
53980
54087
61771
53375
54237
53850
53705
54371
53875
54083
53512
53841
54192
53875
53720
54050
54054
53763
53862
53454
54075
53921
53755
53817
54367
53775
54000
53642
53587
54067
53663
53850
54208
53991
53817
53800
53258
54388
53700
53625
54275
53904
54108
53879
53162
54245
53958
53679
64145
54033
54054
53646
53687
54259
53950
53692
54196
54066
53621
53888
53533
54067
53892
53796
53959
54275
53658
53979
53596
53887
53917
77316
52744
53048
52804
52856
52524
52396
53144
52612
52664
53008
52816
52900
52496
52200
53064
52888
52536
53220
52676
53144
52496
52272
60816
52824
52844
53000
53128
52624
52592
52764
52900
52628
52656
52900
53256
52544
52832
52340
52916
52884
52508
52528
53060
52808
52988
52408
52364
53084
52548
52936
52808
52848
52728
52556
52444
53136
52756
52516
53180
52692
53096
52632
52304
53052
52832
52632
53076
53012
52840
60204
52712
52988
52688
52688
52848
53136
52652
52868
52428
52740
52960
52536
52636
53068
52748
53004
52456
52592
53144
52608
52812
52856
52872
52752
52696
52404
53152
52552
52508
53020
52804
52972
52600
52324
53100
52796
52544
53056
52868
52912
52432
52648
53116
52680
52536
52944
60856
52732
52720
52504
52872
52952
52548
52604
53216
52652
52964
52492
52564
53052
52612
52816
52800
53036
52732
52688
52268
53224
52636
52572
53104
52840
52972
52700
51964
53148
52820
52576
53064
52780
52996
52404
52620
53060
52788
52520
52880
52948
52776
52728
52440
52852
52796
60528
52780
53220
52792
53016
52564
52596
53056
52568
52640
53500
52988
52860
52864
52356
53288
52648
52616
53076
52956
53004
52768
52056
53152
52800
52688
53216
52872
53204
52564
52392
52944
52940
52600
52884
53120
52548
52852
52524
52892
52792
52700
52844
53036
52684
52864
60144
52836
52948
52668
52708
53096
52944
52972
52456
52504
53084
52572
52796
52956
52916
52868
52540
52284
53152
52776
52660
53156
52768
53240
52484
52432
53032
52656
52744
52996
53000
52796
52608
52788
52848
52704
52688
52804
53284
52732
52804
52348
52832
52928
52532
52416
53076
61676
53108
52600
52508
53088
52640
52900
52768
53056
52744
52728
52396
53124
52728
52572
53104
52836
53148
52552
52364
53052
52740
52684
53052
52940
52864
52632
52636
52936
52708
52720
52724
53084
52696
52824
52480
52780
52936
52636
52664
53040
52700
52908
52504
52536
53120
52632
61696
53072
52956
52760
52800
52456
53164
52584
52704
53040
52860
53004
52656
52160
53044
52632
52652
53120
52980
52988
52352
52756
53112
52636
52576
52872
53072
52688
52780
52492
52816
52960
52644
52756
53124
52788
52972
52448
52564
52996
52652
52780
52904
52980
52748
52604
52256
60792
52828
52592
53124
52976
53016
52584
52044
53152
52720
52548
53048
52840
53216
52412
52564
53188
52668
52596
52952
52980
52756
52744
52364
52876
52748
52636
52824
53184
52692
52968
52428
52644
52896
52728
52768
53048
52952
52816
52584
52224
53220
52528
52584
53076
52824
53028
60044
52144
53140
52744
52588
53252
52940
53172
52504
52472
52916
52888
52584
52980
53156
52604
52728
52484
52964
52688
52632
52864
53104
52696
52892
52388
52788
52888
52636
52760
53068
52820
52808
52472
52396
53112
52508
52828
52868
52964
52856
52540
52364
53032
52828
52436
53124
60348
53284
52464
52376
53176
52672
52724
52984
53016
52688
52568
52668
52888
52600
52620
52792
53136
52660
52856
52376
52776
52840
52472
52616
53148
52820
53020
52396
52512
53056
52560
52908
52808
52896
52808
52644
52424
53132
52704
52552
53056
52784
53064
52568
52324
53144
52720
61004
53028
52964
52916
52628
52620
52968
52616
52676
52712
53140
52652
52856
52536
52776
52824
52524
52652
53016
52736
52836
52528
52520
53044
52612
52756
52900
53044
52732
52704
52340
53096
52668
52608
53076
52864
52948
52688
52096
53096
52632
52600
53036
52996
53020
52408
52652
60500
52676
52512
53012
53124
52716
52716
52584
52944
52836
52640
52724
53176
52696
52940
52580
52576
53088
52488
52760
52952
52952
52708
52644
52328
53184
52684
52476
53040
52836
52992
52696
52028
53088
52856
52496
53152
52764
53024
52476
52480
53288
52716
52556
53024
52940
59872
52964
52416
52900
52856
52808
52848
53120
52728
52944
52460
52652
52976
52592
52720
53068
53036
52852
52540
52240
53244
52596
52560
53012
52888
52868
52648
52156
53088
52724
52512
53140
52820
53116
52504
52372
52996
52876
52656
52960
53152
52656
52648
52532
52864
52676
52676
60084
53256
52680
52940
52332
52952
52904
52712
52616
53008
52904
52848
52472
52476
53200
52600
52820
52796
53024
52856
52524
52316
53132
52760
52624
53172
52732
53164
52524
52416
53124
52852
52648
52992
52984
52740
52556
52800
52824
52608
52700
52720
53016
52672
52812
52448
52768
60580
52656
52576
53156
52776
53068
52612
52556
52972
52620
52740
52836
52884
52824
52616
52332
53124
52740
52564
53068
52788
53160
52612
52268
53184
52672
52676
53052
52884
53016
52480
52628
52972
52680
52516
52724
53056
52676
52744
52516
52952
52828
52668
52716
53148
52740
52836
59884
52660
53152
52612
52748
52972
53164
52720
52792
52376
53148
52676
52476
53072
52872
52976
52696
52156
53172
52704
52580
53148
52844
53072
52404
52696
53180
52792
52604
53000
53064
52776
52700
52452
52888
52812
52660
52644
53220
52680
52948
52504
52560
53044
52464
52720
53064
60220
52768
52804
52348
53240
52696
52516
53096
52908
53072
52720
52008
53092
52832
52460
53240
52788
53072
52404
52536
53200
52704
52516
53028
52884
52744
52792
52448
52912
52648
52692
52808
53080
52720
53040
52500
52740
52844
52628
52688
53060
52972
52884
52608
52388
53180
52604
59912
53116
52920
52944
52664
52152
53064
52784
52472
53144
52888
53028
52500
52496
53032
52736
52600
53032
53160
52656
52588
52740
52928
52680
52548
52904
53156
52668
52816
52280
52820
52960
52592
52568
53076
52880
52952
52912
52568
53192
52680
53036
52880
52876
52876
52476
52464
61604
52788
52740
53172
52744
53248
52532
52412
53108
52752
52636
53056
53008
52824
52560
52652
52832
52596
52780
52792
53072
52672
52800
52380
52644
52892
52576
52664
53056
52808
52876
52468
52420
53120
52616
52960
52920
52948
52672
52628
52328
53112
52600
52660
52996
52876
53052
60072
52276
53176
52712
52720
53164
52944
53032
52396
52504
52964
52740
52532
52960
53032
52620
52740
52440
52784
52848
52652
52584
53260
52700
52848
52552
52500
53100
52524
52744
52900
53088
52752
52716
52200
53140
52620
52640
53172
52900
52992
52664
52116
52972
52688
52572
60512
53048
53036
52356
52644
53080
52688
52636
52912
52968
52792
52744
52312
52888
52812
52632
52812
53104
52752
52956
52436
52376
52948
52632
52828
53012
52972
52720
52656
52068
53120
52708
52484
53128
52836
52960
52704
51960
53020
52780
52548
53264
52916
53092
52380
52300
53028
60296
52604
52984
52968
52708
52860
52336
52904
52644
52632
52788
53080
52724
53040
52368
52612
52772
52668
52764
53096
52960
52908
52432
52332
53176
52584
52740
53016
52936
52940
52576
52152
53092
52816
52600
53204
52732
53188
52468
52316
53064
52720
52760
53076
53144
52636
52564
60124
53056
52660
52744
52832
53164
52620
52884
52336
52776
52848
52528
52512
53068
52796
52928
52420
52436
52996
52648
52952
52780
52820
52728
52600
52344
53140
52764
52532
53140
52828
53168
52572
52300
53052
52836
52760
53076
53028
52848
52512
52540
52908
52700
52660
52780
53076
60076
52940
52464
52716
52912
52688
52652
53196
52748
53016
52488
52356
53040
52596
52804
52908
52928
52708
52684
52312
53068
52536
52660
53000
52896
52952
52556
52172
53020
52776
52564
53008
52992
53080
52392
52552
53052
52588
52508
52844
53108
52672
52772
52428
52840
52924
52628
59976
53380
52804
52940
52504
52496
52980
52600
52780
52812
53088
52748
52584
52136
53128
52632
52620
53072
52924
52948
52540
52016
53144
52716
52572
53040
52864
53032
52328
52512
53048
52744
52592
52872
52960
52772
52712
52288
52828
52752
52616
52688
53184
52796
52904
52356
52472
61188
52704
52784
53020
53012
52772
52588
52168
53204
52564
52512
53116
52816
52952
52648
52028
53072
52748
52620
53140
52864
53124
52476
52332
52952
52944
52576
52808
53088
52520
52788
52412
52776
52640
52720
52920
53076
52736
52856
52376
52588
52748
52600
52628
53068
52892
52940
59796
52480
53112
52632
52684
52972
52972
52868
52452
52260
53124
52836
52620
53096
52724
53140
52452
52328
52968
52664
52776
52936
53064
52716
52540
52656
52828
52544
52684
52740
53292
52608
52804
52304
52716
52868
52560
52592
53208
52836
52988
52364
52432
53040
52668
52888
52736
60360
52832
52752
52348
53164
52752
52540
53076
52884
53128
52512
52228
53044
52740
52684
53020
52968
52804
52588
52552
52860
52740
52652
52752
53120
52684
52812
52376
52704
52936
52588
52604
53032
52744
52844
52408
52384
53076
52544
52872
52992
52888
52820
52612
52288
53072
52620
60152
53024
52868
53156
52656
52228
52960
52720
52656
53024
52944
52988
52412
52636
53032
52616
52520
52876
53048
52632
52696
52492
52820
52892
52616
52628
53124
52760
52876
52444
52464
52924
52644
52804
52896
52964
52752
52660
52144
53172
52784
52536
53076
52920
53040
52540
51964
60528
52752
52588
53044
52820
53140
52352
52376
53236
52652
52576
52888
52984
52640
52712
52240
52888
52776
52556
52724
53192
52668
52972
52320
52524
52920
52656
52708
53088
52988
52812
52548
52140
53168
52548
52588
53052
52784
53000
52664
52056
53072
52740
52548
53232
52804
53148
59792
52452
52960
52808
52532
52920
53188
52608
52676
52484
52880
52624
52744
52788
53168
52620
52960
52264
52704
52852
52580
52736
53168
52896
52848
52376
52420
53144
52568
52792
52896
52940
52800
52492
52320
53104
52792
52468
53124
52728
53216
52484
52416
53060
52732
52720
53012
60352
52764
52576
52728
52892
52592
52728
52848
53120
52668
52908
52356
52780
52932
52524
52508
53160
52740
53008
52372
52440
53016
52560
52920
52824
52944
52768
52664
52400
53104
52680
52536
53072
52784
53128
52600
52204
53020
52728
52728
53040
52828
52884
52536
52532
52924
52692
61776
52952
53144
52664
52868
52496
52800
52812
52560
52620
53172
52740
52860
52520
52400
53088
53012
52848
52940
53016
52748
52704
52368
53092
52784
52620
53084
52864
52956
52624
52148
53120
52656
52660
53156
52980
52984
52412
52532
53136
52648
52500
52956
53052
52652
52732
61356
53016
52840
52664
52756
53196
52736
52992
52628
52592
52956
52488
52836
52972
52900
52640
52716
52276
53104
52628
52552
53096
52884
53024
52696
51984
53108
52784
52492
53236
52768
53060
52480
52372
53204
52700
52588
53056
52836
52816
52752
52416
52856
52716
52708
52836
53212
60152
53060
52492
52660
52988
52632
52728
53168
52940
52816
52572
52284
53288
52532
52544
53080
52836
52900
52668
52200
53128
52784
52624
53180
52844
53124
52528
52384
53016
52760
52656
53008
53048
52560
52648
52548
52944
52628
52748
52828
53040
52692
52936
52296
52848
52920
52624
60000
53232
52888
52952
52452
52472
53092
52592
52892
52804
52964
52780
52456
52404
53116
52732
52624
53124
52736
53204
52464
52316
53108
52764
52632
52924
52936
52672
52572
52764
52832
52572
52684
52788
53100
52608
52784
52520
52756
52852
52552
52512
53216
52672
52988
52480
52584
60572
52688
52892
52892
52948
52828
52708
52452
53140
52652
52548
53084
52740
53140
52608
52232
53096
52736
52640
53108
52876
53000
52532
52676
52972
52720
52576
52872
53088
52596
52716
52544
52920
52888
52600
52620
53156
52664
52888
52536
52616
53112
52596
52692
52860
53076
52692
60244
52484
53196
52744
52608
53088
52872
53040
52764
52156
53168
52624
52632
53176
52856
53028
52416
52768
53200
52736
52576
52952
53012
52688
52716
52504
52888
52768
52624
52652
53240
52636
52912
52472
52588
52972
52576
52708
53064
52888
52768
52728
52252
53184
52576
52444
53136
60292
53052
52804
52020
53076
52756
52588
53284
52824
52972
52516
52444
53128
52704
52596
53092
52868
52640
52740
52404
52904
52708
52652
52844
53140
52632
52928
52480
52740
52920
52640
52804
53036
52840
52864
52548
52428
53192
52544
52600
53036
52816
52860
52580
52184
53096
52728
60092
53160
52900
53072
52452
52464
53040
52812
52752
52972
53096
52588
52620
52732
52876
52680
52624
52848
53144
52548
52804
52328
52848
52872
52592
52584
53172
52796
52936
52448
52508
53068
52464
52820
52788
52836
52848
52596
52456
53156
52672
52524
53172
52580
53180
52516
52240
61944
52692
52576
53052
52900
52692
52640
52696
52932
52632
52648
52800
52964
52668
52844
52372
52796
52876
52556
52564
53056
52788
52920
52540
52440
53132
52580
52900
52844
52860
52712
52676
52380
53132
52608
52524
53032
52836
52984
52660
52240
53116
52668
52652
53176
52848
60256
52740
52628
53060
52680
52548
52900
53044
52596
52756
52512
52808
52844
52596
52584
53300
52636
52928
52432
52480
53036
52464
52796
52864
53020
52788
52744
52272
53144
52612
52472
53152
52828
53048
52584
52104
53088
52608
52556
53184
52808
52956
52408
52672
53132
52624
52624
60340
53240
52816
52708
52436
52900
52760
52656
52784
53168
52632
52916
52416
52424
52972
52500
52752
52972
52932
52692
52704
52200
53188
52540
52552
53076
52796
52944
52788
52028
53104
52720
52616
53160
52912
52948
52468
52484
53024
52848
52584
53048
53000
52588
52800
52356
52900
59968
52700
52780
53064
52788
52892
52488
52768
52816
52688
52660
53092
52912
52884
52556
52420
53120
52584
52628
53068
52868
52900
52496
52256
53088
52840
52516
53220
52688
53248
52516
52316
53156
52652
52708
53096
53116
52676
52592
52680
52908
52620
52620
52900
53200
52620
52824
59716
53000
52924
52484
52560
53072
52860
52984
52496
52484
53112
52444
52916
52776
52824
52724
52568
52400
53112
52672
52500
53168
52736
53200
52580
52344
53088
52764
52612
53036
53004
52864
52552
52624
53012
52640
52612
52840
53128
52656
52868
52428
52776
52964
52584
52592
53092
59624
53088
52508
52604
53132
52680
52812
52884
52920
52724
52748
52364
53128
52492
52616
53072
52896
52940
52540
52228
53128
52748
52616
53108
52968
52956
52448
52672
53128
52696
52548
52996
53056
52668
52724
52428
52844
52860
52592
52644
53188
52676
52900
52476
52508
53012
52584
60212
52944
53068
52844
52736
52324
53248
52604
52592
53128
52820
52964
52696
52024
53084
52700
52564
53100
52864
53032
52344
52676
53168
52704
52576
52936
53020
52772
52768
52408
52888
52800
52680
52736
53232
52696
52892
52472
52540
53068
52536
52688
53472
52948
52820
52808
52336
63048
52684
52684
53052
52892
53004
52856
52180
53176
52744
52700
53200
52912
53092
52520
52380
52952
52884
52664
52928
53128
52496
52856
52480
52876
52732
52712
52932
53116
52692
52776
52412
52708
52944
52568
52808
53068
52932
52880
52376
52496
53084
52628
52864
52980
52964
52920
61512
52284
53116
52748
52748
53184
52788
53120
52448
52400
53012
52604
52784
52952
53036
52676
52552
52756
52908
52596
52704
52812
53272
52684
52852
52344
52836
52924
52472
52576
53084
52836
52960
52508
52488
53052
52572
52984
52788
53020
52740
52712
52408
53176
52640
52600
60388
52932
53164
52580
52276
53116
52724
52624
53020
52900
52944
52612
52692
52928
52712
52720
52776
53092
52756
52888
52460
52832
52960
52608
52752
53092
52728
52864
52480
52572
53096
52568
52896
52944
53000
52752
52696
52420
53168
52584
52612
53092
52836
53076
52608
52168
53136
61288
52788
53148
52968
53032
52496
52768
53056
52588
52584
52896
53012
52716
52728
52516
52820
52916
52640
52868
53112
52776
52968
52432
52576
52956
52560
52832
52856
52976
52748
52616
52248
53228
52652
52580
53104
52924
53044
52616
51944
53112
52716
52496
53104
52840
53224
52368
61396
53344
52644
52608
52916
53024
52752
52688
52416
52912
52716
52680
52780
53132
52692
53012
52436
52576
52976
52648
52828
53024
52948
52828
52524
52240
53208
52504
52552
53076
52876
52988
52720
52112
53080
52744
52496
53288
52824
53228
52520
52504
52892
52840
52588
53004
53144
60080
52768
52548
52968
52596
52696
52844
53092
52756
52892
52356
52820
52880
52604
52796
53064
52916
52864
52412
52480
53156
52464
52804
52916
52988
52788
52548
52420
53028
52768
52440
53128
52696
53176
52440
52304
53104
52628
52668
52980
53020
52804
52624
52692
52860
52592
52660
60076
53196
52708
52880
52532
52924
52844
52432
52608
53092
52804
53036
52412
52520
53064
52532
52864
52824
52948
52808
52644
52428
53104
52680
52520
53052
52776
53140
52600
52324
53144
52660
52728
53068
52824
52972
52632
52600
52916
52640
52616
52732
53152
52696
52780
52504
52780
60156
52588
52700
53048
52784
52860
52576
52524
53064
52564
52800
52908
53104
52736
52704
52340
53096
52608
52548
53132
52844
52972
52736
52228
53108
52608
52540
53012
52896
53024
52496
52680
53192
52612
52520
52976
53080
52728
52720
52452
52956
52784
52612
52740
53136
52736
52940
59792
52588
53000
52472
52876
52972
53024
52672
52512
52332
53184
52680
52516
53056
52852
53092
52692
51928
53132
52796
52496
53176
52716
53000
52468
52372
53268
52616
52544
53004
52924
52764
52760
52364
52876
52728
52672
52864
53080
52724
52908
52404
52604
52908
52584
52720
53008
60492
52872
52536
52356
53308
52508
52576
53156
52988
52896
52636
52192
53156
52668
52440
53200
52820
53176
52500
52372
52996
52816
52632
52976
53160
52656
52648
52532
52840
52632
52612
52864
53032
52748
52936
52180
52888
52940
52604
52696
53088
52916
52848
52372
52480
53092
52512
60120
52860
53072
52840
52416
52260
53144
52716
52608
53184
52748
53248
52524
52296
53116
52744
52680
52980
52968
52800
52472
52752
52820
52544
52648
52792
53060
52648
52836
52540
52792
52812
52472
52664
53148
52732
52972
52428
52636
52988
52620
52764
52852
52928
52872
52528
52376
60520
52600
52648
53124
52836
53112
52588
52208
53088
52652
52640
53120
52908
52960
52496
52584
53004
52692
52536
52824
52996
52636
52732
52544
52924
52768
52620
52776
53144
52760
52864
52432
52620
53152
52544
52744
52904
53104
52692
52612
52324
53216
52580
52512
53072
52832
52952
59912
52120
53100
52700
52576
53180
52924
53108
52380
52772
53196
52684
52556
52912
52920
52840
52700
52452
52888
52768
52648
52696
53156
52752
52932
52536
52516
52996
52400
52772
53036
52976
52704
52688
52244
53248
52612
52500
53120
52920
53060
52720
51932
53080
52804
52460
60476
53076
53108
52476
52428
53244
52624
52472
53068
52932
52736
52776
52436
52936
52592
52692
52820
53068
52796
53032
52432
52748
52820
52652
52764
53016
52972
52808
52612
52372
53152
52524
52516
53092
52940
52864
52596
52140
53064
52784
52464
53196
52916
53092
52484
52428
53068
60608
52720
53024
53128
52716
52552
52724
52940
52660
52592
52920
53180
52656
52860
52332
52844
52872
52500
52592
53204
52860
52932
52876
52632
53184
52696
53012
52908
52920
52880
52508
52504
53084
52796
52556
53240
52752
53256
52468
52292
53000
52752
52648
53004
52996
52780
61364
52856
52796
52636
52808
52996
53140
52608
52848
52396
52744
52912
52616
52660
53056
52728
52912
52468
52508
53052
52652
52940
52904
52844
52728
52628
52364
53096
52628
52648
53000
52860
53012
52612
52160
52988
52720
52732
53100
52816
53060
52448
52644
53024
52680
52532
52836
60396
52908
52788
52480
52844
52808
52600
52688
53236
52748
52876
52392
52516
53136
52500
52780
52872
53028
52732
52740
52288
53144
52636
52608
53224
52876
53056
52592
52092
52952
52684
52564
53228
52776
53024
52400
52612
53132
52680
52632
52908
53056
52760
52676
52356
52880
52772
60064
52832
53216
52812
52968
52540
52568
52924
52640
52680
53012
52988
52752
52616
52128
53188
52660
52400
53164
52824
53036
52736
51960
53056
52824
52524
53264
52920
53068
52512
52376
53044
52832
52428
53024
53092
52636
52800
52316
52904
52672
52604
52888
53100
52804
52896
52340
60064
52912
52712
52744
53160
52984
52832
52548
52408
53196
52560
52612
53044
52908
52972
52576
52184
53120
52844
52536
53252
52736
53176
52480
52260
53036
52724
52696
53080
53092
52672
52592
52704
52828
52632
52664
52896
53144
52656
52828
52364
52748
52892
52588
52528
53068
52836
59916
52412
52460
53100
52696
52872
52772
52948
52716
52604
52464
53108
52764
52544
53176
52756
53216
52576
52300
53008
52816
52716
53032
53012
52876
52496
52624
52976
52692
52716
52820
53068
52600
52736
52408
52760
52960
52728
52636
53128
52700
53008
52496
52416
53060
52636
52844
60356
52952
52796
52696
52412
53132
52560
52576
53064
52872
52940
52504
52240
53036
52796
52620
53064
52916
52988
52424
52544
53076
52588
52516
52960
53076
52640
52604
52444
52848
52852
52672
52692
53160
52792
52904
52412
52508
53020
52544
52880
52764
53108
52784
52660
52180
53228
60116
52612
53132
52864
53064
52592
52020
53128
52672
52580
53064
52800
53004
52264
52632
53056
52804
52592
52860
53000
52720
52680
52344
52800
52760
52668
52696
53092
52744
52860
52428
52564
52960
52536
52736
52988
52876
52788
52620
52172
53208
52484
52524
53136
52744
52940
52708
59604
53152
52764
52648
53196
52828
53064
52524
52332
53012
52936
52556
52900
53068
52624
52744
52292
52868
52612
52724
52928
53032
52696
52836
52344
52596
52800
52592
52688
53068
52828
52892
52336
52384
53116
52624
52660
53000
52784
52848
52476
52240
53136
52816
52636
53148
52712
60512
52464
52316
53048
52684
52840
53008
53036
52648
52452
52696
52856
52536
52700
52828
53172
52600
52732
52256
52796
52840
52516
52592
53092
52804
52852
52432
52432
53040
52616
52860
52812
52912
52740
52728
52280
53116
52696
52584
53108
52852
53148
52504
52320
53016
52732
52648
60396
53000
52948
52636
52480
52888
52768
52704
52768
53188
52620
52888
52384
52768
52936
52592
52664
53084
52732
52808
52468
52488
53080
52540
52848
52924
52912
52752
52692
52316
53092
52560
52632
53032
52880
52992
52548
52120
52952
52632
52596
53060
52928
52988
52412
52696
53088
60060
52532
52916
53132
52588
52768
52444
52864
52888
52640
52688
53116
52756
52904
52460
52520
52908
52616
52836
52868
52940
52704
52660
52200
53140
52740
52584
53136
52876
53024
52532
51944
53124
52724
52540
53076
52760
53124
52344
52428
53168
52664
52580
52920
52952
52612
52640
52720
52928
52876
52612
52800
53176
52732
52980
52260
52532
52936
52644
52812
53084
52952
52820
52528
52200
53192
52616
52488
53092
52816
52960
52652
52000
53080
52760
52544
53176
52888
53136
52476
52304
52956
52848
52572
52924
53152
52664
52756
52352
52860
52656
52692
52776
60516
52948
52892
52288
52736
52868
52656
52772
53140
52836
52848
52360
52404
53224
52524
52852
52892
53000
52800
52440
52372
53080
52828
52436
53196
52704
53216
52456
52384
53044
52748
52712
53032
52956
52788
52568
52636
52824
52560
52688
52816
53112
52604
52856
52320
52824
52868
59840
52780
53104
52788
53068
52356
52464
53020
52592
52852
52864
52896
52804
52628
52456
53160
52676
52492
53088
52792
53092
52532
52256
53056
52812
52632
53028
52840
52904
52592
52508
52928
52584
52632
52896
53040
52632
52920
52452
52716
52856
52532
52688
53052
52736
52852
52484
59848
53232
53024
52960
53016
53008
52832
52772
52500
53164
52772
52616
53084
52924
52904
52632
52152
53100
52656
52660
53156
52940
53000
52412
52744
53152
52640
52496
52956
53032
52568
52712
52452
52952
52784
52656
52744
53120
52700
52916
52488
52560
52980
52592
52952
52948
52992
61108
52748
52332
53220
52772
52544
53072
52948
53072
52568
51964
53124
52808
52504
53248
52796
53004
52484
52440
53216
52648
52616
52964
52936
52696
52724
52344
52856
52716
52708
52836
53104
52780
52848
52360
52648
52968
52592
52772
53056
53048
52852
52540
52236
53264
52536
52556
60536
52952
53008
52628
52180
53224
52744
52592
53108
52924
53024
52500
52380
53040
52768
52668
53032
53228
52496
52652
52496
52840
52664
52788
52832
53160
52636
52848
52284
52848
52920
52624
52560
53016
52928
52888
52368
52448
53128
52516
52920
52796
52936
52808
52432
52316
53116
60288
52596
53216
52780
53208
52532
52312
53116
52708
52588
52984
53040
52768
52528
52812
52840
52632
52708
52816
52980
52616
52784
52412
52824
52828
52532
52596
53112
52760
52900
52404
52584
53040
52608
52900
52828
52888
52824
52628
52440
53112
52644
52640
53084
52864
53036
52524
60076
53164
52784
52728
53068
53032
52972
52556
52584
52976
52716
52604
52776
53088
52572
52796
52484
52900
52860
52620
52632
53180
52752
52824
52492
52588
53136
52516
52700
52908
53100
52720
52664
52388
53224
52720
52528
53088
52956
52896
52672
52092
53184
52672
52728
53116
52872
61332
52420
52828
53200
52780
52648
52880
53132
52764
52688
52428
52936
52740
52684
52640
53236
52672
52916
52548
52548
53036
52376
52832
53036
52924
52704
52740
52264
53156
52652
52460
53136
52880
53052
52728
51960
53032
52772
52488
53136
52844
52956
52420
52452
53300
52684
59956
53160
52924
52680
52780
52384
52968
52708
52684
52764
53040
52668
52832
52356
52828
52920
52644
52864
53060
52924
52848
52584
52388
53180
52544
52540
53096
52784
52944
52580
52116
53100
52800
52508
53192
52944
53052
52404
52484
53064
52796
52644
53024
53136
52548
52560
52620
60588
52736
52672
52856
53116
52600
52760
52308
52872
52960
52592
52616
53032
52868
52912
52396
52520
53052
52464
52880
52780
52868
52816
52568
52372
53144
52672
52524
53172
52704
53164
52484
52288
53108
52736
52512
53036
53000
52744
52604
52680
52856
52592
52676
52784
53028
52564
61224
52544
52816
52924
52576
52780
53020
52856
52988
52444
52552
53100
52448
52940
52860
52904
52696
52584
52416
53140
52608
52576
53104
52928
52972
52580
52184
53092
52604
52548
53180
52812
52988
52484
52560
53012
52680
52532
52960
52964
52544
52684
52380
52848
52832
52584
52604
60812
52792
52892
52532
52544
53080
52472
52844
52804
53152
52760
52692
52360
53152
52556
52508
53136
52928
53036
52532
52132
53112
52608
52564
53212
52752
53036
52384
52700
53076
52668
52648
52936
53068
52764
52676
52360
52888
52764
52632
52752
53156
52700
52852
52340
52508
52972
59628
52836
53004
52996
52696
52744
52320
53248
52548
52460
53040
52856
52948
52744
52020
53064
52728
52584
53208
52920
53008
52452
52544
53000
52832
52512
53064
53048
52588
52800
52396
52908
52648
52644
52820
53084
52716
52876
52396
52764
52832
52552
52744
53104
52928
52864
52504
59960
53188
52592
52664
53060
52908
52932
52524
52256
53076
52852
52564
53240
52720
53116
52476
52324
53064
52688
52712
53076
53160
52604
52572
52668
52912
52624
52680
52932
53160
52596
52816
52276
52744
52904
52492
52568
53008
52856
52912
52404
52436
53096
52628
52900
52700
52876
60216
52608
52468
53112
52724
52548
53216
52808
53156
52524
52304
53092
52768
52644
53064
53096
52872
52548
52644
53012
52596
52612
52844
53136
52672
52920
52428
52744
52908
52596
52648
53072
52768
52984
52468
52572
53116
52532
52856
52948
52940
52696
52688
52424
53128
52492
52616
60496
52928
53052
52548
52184
53148
52712
52588
53092
53040
53000
52432
52612
53128
52692
52548
52996
53084
52696
52664
52400
52804
52932
52580
52620
53176
52748
52840
52432
52572
52992
52552
52844
52780
53044
52752
52688
52260
53228
52588
52548
53128
52892
52972
52636
51944
53124
62068
52628
53096
52888
53076
52380
52632
53096
52736
52532
52996
52928
52728
52712
52356
52868
52764
52740
52780
53184
52724
52852
52452
52560
53060
52528
52732
53792
52944
52820
52784
52360
53316
52604
52624
53108
52868
52976
52784
52112
53092
52724
52628
53216
52852
53112
63376
52672
52960
52968
52504
52996
53120
52584
52820
52480
52904
52656
52664
52880
53108
52640
52832
52364
52824
52832
52620
52748
53112
52852
52920
52380
52496
53056
52636
52820
53044
52928
52888
52556
52256
53044
52840
52604
53212
52776
53088
52496
52352
52952
52600
52836
53000
63328
52784
52520
52776
52964
52560
52756
52860
53176
52644
52852
52372
52796
52868
52548
52544
53084
52812
52928
52456
52420
53052
52612
52940
52828
52972
52784
52764
52304
53104
52668
52572
53128
52876
53040
52540
52352
52992
52688
52656
53016
52896
52840
52612
52692
52840
52684
62168
52800
53136
52752
52880
52484
52844
52960
52576
52700
53084
52720
52888
52492
52460
53088
52604
52848
53004
52844
52784
52728
52332
53112
52628
52596
53120
52860
53000
52676
52232
53032
52632
52656
53120
53040
52884
52332
52756
53000
52608
52604
53016
53140
52516
52796
52492
61472
52912
52608
52788
53268
52596
52988
52536
52524
52892
52624
52836
52848
52972
52744
52604
52196
53096
52776
52596
53140
52916
53012
52600
52044
53064
52800
52620
53112
52808
53136
52416
52512
53124
52644
52720
52928
52968
52736
52676
52372
52920
52776
52660
52816
53280
52652
63024
52404
52564
52920
52728
52804
53116
52912
52844
52624
52232
53100
52600
52616
53076
52784
52996
52700
52160
53024
52772
52632
53236
52892
53088
52580
52420
52916
52888
52620
53036
53188
52604
52812
52516
52876
52652
52688
52836
53168
52628
52800
52356
52728
52916
52664
61940
53292
52932
52996
52528
52404
53108
52628
52852
52852
52900
52888
52548
52360
53044
52812
52476
53140
52788
53076
52488
52324
53000
52672
52704
53012
53088
52820
52664
52792
52864
52596
52660
52904
53112
52604
52856
52364
52816
52872
52468
52556
53080
52824
52960
52400
52428
62136
52684
52920
52916
52980
52852
52720
52428
53128
52704
52492
53116
52836
53064
52568
52280
53000
52716
52728
53040
52900
52856
52652
52600
52880
52676
52676
52804
53200
52640
52784
52500
52708
52784
52592
52692
53056
52728
52884
52528
52460
53044
52552
52844
52936
53044
52732
61884
52424
53000
52696
52656
53084
52904
53008
52724
52196
53008
52652
52592
53072
52956
52940
52432
52592
53016
52628
52508
53052
53088
52636
52720
52436
52912
52784
52580
52800
53232
52700
52968
52536
52464
53016
52496
52800
52924
52964
52668
52676
52248
53160
52780
52532
53056
61860
53160
52676
52104
53072
52856
52528
53216
52840
52928
52532
52384
53152
52692
52540
53020
52960
52704
52752
52368
52796
52744
52704
52844
53172
52680
52928
52396
52560
52848
52764
52724
52996
52976
52848
52496
52124
53236
52592
52532
53100
52804
52888
52676
52188
53100
52696
60848
53260
52908
53168
52564
52316
52920
52744
52636
52972
53188
52596
52652
52464
52860
52600
52716
52904
53056
52632
52876
52236
52800
52896
52600
52628
53032
52844
52860
52448
52368
53092
52600
52920
52796
52940
52828
52536
52268
53124
52760
52612
53184
52732
53168
52432
52352
60288
52796
52764
53016
52980
52728
52532
52772
52760
52544
52700
52816
53096
52568
52796
52404
52816
52880
52468
52576
53112
52700
53040
52432
52448
52980
52632
52768
52828
52828
52764
52708
52460
53032
52740
52552
53128
52804
53076
52604
52248
52980
52712
52696
53132
52896
52864
59756
52652
52968
52672
52592
52916
53028
52596
52764
52544
52860
52768
52680
52680
53176
52740
52892
52596
52528
53100
52524
52744
52904
53108
52708
52728
52216
53200
52724
52492
53072
52804
52980
52688
52112
53028
52668
52616
53148
52844
53060
52320
52740
53104
52796
52552
52992
60436
52788
52724
52476
52932
52748
52660
52708
53244
52676
52936
52556
52500
53044
52628
52728
53008
52948
52736
52640
52196
53124
52636
52504
53156
52844
53044
52744
51924
53020
52800
52484
53264
52852
53040
52436
52356
53200
52704
52668
53092
53020
52688
52792
52312
52876
52648
59924
52856
53124
52832
53048
52440
52708
52832
52688
52708
53044
52972
52836
52552
52288
53164
52584
52556
53084
52912
52864
52668
52152
53056
52808
52544
53184
52860
53048
52540
52480
52976
52720
52616
53028
53204
52620
52588
52736
52892
52592
52676
52884
53180
52664
52816
52280
60092
52964
52728
52560
53156
52896
52888
52908
52584
53132
52652
52960
52840
52876
52892
52568
52496
53116
52692
52632
53192
52752
53292
52536
52304
53092
52752
52648
53032
53044
52812
52620
52752
52796
52548
52664
52832
53028
52608
52892
52508
52784
52888
52580
52736
53048
60992
53048
52696
52572
53100
52668
52860
52920
53008
52732
52668
52372
53084
52544
52624
53060
52852
53048
52592
52228
53052
52652
52612
53116
52876
52988
52480
52680
52992
52648
52532
52920
53060
52620
52740
52464
52824
52816
52596
52636
53224
52716
52920
52412
52584
53104
52612
59824
52924
53164
52836
52796
52348
53124
52648
52636
53080
52904
53008
52584
52156
53044
52624
52652
53200
52872
52900
52408
52728
53032
52664
52640
52888
53068
52712
52688
52396
52932
52764
52592
52800
53144
52720
52940
52552
52568
53000
52632
52816
53000
52924
52704
52720
52248
60704
52660
52576
53216
52876
53028
52804
52080
53060
52876
52576
53212
52828
53080
52460
52536
53060
52832
52556
52996
53104
52620
52756
52396
52908
52632
52664
52880
53052
52744
52808
52444
52780
52832
52652
52764
53092
52888
52892
52552
52412
53144
52568
52740
53096
52908
52900
60788
52372
53040
52828
52580
53280
52888
53124
52544
52328
53056
52704
52760
53016
53184
52608
52568
52716
52932
52620
52740
52820
53152
52544
52772
52336
52860
52936
52540
52604
53060
52844
52952
52456
52476
52968
52652
52936
52816
52908
52724
52620
52428
53092
52724
52540
53180
62316
53204
52644
52352
53092
52784
52740
53092
53096
52792
52512
52608
52928
52740
52660
52788
53116
52628
52880
52456
52736
52912
52512
52592
53132
52616
53008
52496
52512
53112
52612
52848
52864
52848
52668
52696
52360
53108
52588
52592
53004
52804
52928
52524
52224
53040
52748
62620
53096
52972
53028
52504
52600
53008
52680
52520
52896
53132
52656
52724
52456
52868
52848
52616
52620
53232
52680
52860
52492
52540
53016
52568
52872
52860
53008
52732
52748
52272
53208
52628
52580
53180
52908
52948
52592
52008
53176
52708
52536
53100
52868
52944
52372
52632
61488
52720
52596
52920
53048
52748
52708
52436
52888
52700
52668
52708
53148
52716
52856
52492
52576
52948
52596
52780
53032
52956
52752
52708
52276
53108
52484
52504
53096
52744
52976
52724
52080
53064
52728
52616
53212
52828
53156
52548
52488
52968
52856
52528
52944
53176
59832
52916
52512
52872
52548
52704
52916
53076
52656
52828
52424
52712
52852
52608
52644
53128
52824
52940
52396
52432
53040
52564
52640
52996
52880
52872
52544
52256
53032
52836
52620
53164
52736
53060
52428
52396
52972
52676
52720
53032
53004
52664
52656
52764
52812
52640
52640
60020
53360
52608
52784
52476
52952
52936
52524
52536
53092
52824
52936
52484
52492
53024
52620
52892
52776
52972
52684
52728
52396
53096
52664
52540
53156
52800
53120
52552
52304
53052
52708
52580
53088
52980
52864
52576
52572
52876
52784
52620
52780
53120
52624
52812
52436
52764
60212
52624
52668
53084
52796
52908
52500
52548
53056
52628
52776
52884
52880
52752
52724
52392
53052
52592
52508
53120
52880
53044
52652
52232
52980
52624
52596
53120
53064
52904
52380
52728
53052
52688
52536
53044
53112
52500
52844
52516
52820
52900
52496
52676
53116
52760
52908
59692
52640
52952
52604
52840
52884
53024
52760
52720
52292
53132
52732
52476
53088
52904
53032
52584
51992
53096
52780
52472
53124
52920
53064
52412
52512
53164
52660
52588
52980
53000
52612
52760
52376
52948
52772
52584
52800
53236
52680
52972
52452
52632
52868
52704
52720
53084
60216
52888
52708
52328
53216
52608
52592
53088
52824
53032
52696
52120
53120
52732
52544
53268
52900
53156
52492
52548
52932
52804
52640
53032
53192
52540
52724
52628
52980
52624
52656
52868
53128
52660
52888
52372
52812
52856
52620
52816
53140
52896
52848
52436
52408
53144
52556
59916
52960
52992
52964
52564
52424
53052
52744
52552
53180
52696
53168
52444
52308
53048
52688
52712
53016
53036
52720
52580
52724
52900
52564
52688
52876
53112
52604
52916
52360
52864
52852
52460
52584
53020
52772
52996
52396
52504
52996
52612
52884
52860
52904
52788
52644
52452
60340
52784
52536
53144
52808
53096
52632
52304
53064
52720
52720
53040
52900
52868
52632
52604
52912
52632
52760
52912
53100
52628
52928
52524
52772
52880
52492
52692
53052
52736
52868
52520
52528
53128
52920
52940
52952
53016
52792
52784
52500
53164
52668
52612
53076
52856
52952
60768
52316
53120
52812
52668
53112
53036
52960
52384
52712
53152
52640
52496
53012
53100
52568
52772
52452
52956
52784
52672
52792
53120
52700
52976
52496
52532
53040
52592
52856
52892
52972
52640
52660
52284
53028
52700
52492
53112
52872
53024
52696
52028
53108
52888
52524
53236
53116
53088
52560
52452
53212
52636
52616
53072
52904
52672
52796
52448
52848
52700
52672
52792
53160
52720
52924
52488
52720
52924
52720
52748
53068
53084
52856
52584
52268
53180
52592
52532
53020
52920
52940
52648
52220
53128
52788
52592
53180
52820
53052
52508
52364
52920
59868
52824
53032
53192
52568
52624
52584
52872
52652
52744
52872
53160
52692
52908
52312
52860
52936
52684
52604
53052
52888
52856
52444
52488
53124
52564
52928
52804
52940
52752
52456
52404
53096
52760
52624
53204
52716
53148
52524
52192
53116
52716
52684
52988
52992
52732
52512
60188
52988
52572
52704
52872
53048
52668
52780
52548
52812
52852
52564
52572
53176
52732
52964
52440
52560
52960
52616
52920
52856
52940
52872
52636
52388
53108
52640
52592
53068
52800
53080
52612
52232
53096
52736
52640
53148
52876
52880
52548
52640
52948
52688
52548
52780
53140
59888
52876
52552
52892
52836
52680
52664
53212
52720
52956
52592
52564
53048
52580
52756
52868
53152
52708
52664
52328
53164
52780
52584
53104
52936
52912
52604
52124
53124
52680
52644
53176
52872
53012
52324
52688
53096
52788
52564
53004
53064
52708
52716
52460
52892
52772
52640
59964
53248
52740
52932
52596
52536
53020
52580
52708
53140
52928
52736
52708
52264
53156
52732
52496
53136
52800
53040
52748
52020
53032
52772
52480
53204
52860
53076
52452
52384
53208
52684
52652
53036
52976
52676
52724
52316
52968
52740
52660
52892
53132
52780
52864
52316
52688
61688
52716
52888
53012
52928
52848
52584
52380
53120
52588
52524
53020
52860
52880
52608
52208
53024
52776
52552
53216
52924
53000
52452
52440
52992
52760
52688
52976
53216
52596
52592
52620
52840
52648
52624
52848
53144
52604
52796
52300
52820
52932
52600
52540
53000
52852
52916
59152
52496
53080
52696
52900
52792
52872
52820
52532
52352
53076
52748
52552
53192
52764
53132
52508
52248
53048
52716
52584
53100
53056
52680
52636
52692
52848
52644
52652
52800
53084
52608
52796
52284
52720
52972
52508
52640
52996
52856
52972
52488
52444
52984
52508
52896
52844
60124
52808
52592
52496
53104
52568
52624
53004
52824
53028
52600
52224
53108
52664
52600
53176
52812
52940
52588
52560
52980
52652
52532
52960
52964
52556
52756
52380
52828
52820
52540
52608
53264
52644
52920
52372
52472
53136
52612
52796
52832
53104
52752
52632
52344
53172
52620
59736
53136
52908
53120
52700
52160
53000
52708
52692
53220
52780
52992
52392
52668
52976
52656
52640
52976
53028
52760
52676
52336
52840
52736
52620
52768
53156
52700
52864
52328
52396
52960
52548
52824
52972
52948
52656
52604
52180
53220
52564
52520
53068
52780
52984
52788
52008
60380
52772
52596
53196
52836
53028
52480
52436
53132
52848
52584
53048
53072
52528
52792
52308
52860
52616
52644
52880
53036
52708
52904
52340
52676
52820
52652
52764
53032
52896
52852
52444
52420
53084
52596
52740
53016
52932
52964
52576
52132
53024
52844
52504
53228
52780
53100
59648
52420
53136
52724
52716
53084
53192
52620
52532
52708
52940
52624
52672
52880
53216
52544
52832
52292
52904
52936
52508
52588
53064
52872
52988
52344
52400
53060
52592
52936
52812
52900
52720
52624
52420
53096
52732
52544
53128
52752
53136
52584
52352
53064
52776
52644
53064
60440
52844
52528
52668
52980
52660
52676
52900
53136
52652
52860
52412
52792
52936
52472
52608
53100
52752
52960
52436
52596
53084
52612
52848
52876
52908
52668
52696
52404
53124
52528
52568
53020
52808
52984
52548
52224
53048
52752
52600
53088
53016
52964
52428
52616
53096
52664
59844
53024
53084
52764
52732
52508
52860
52936
52556
52576
53188
52672
52952
52500
52492
53092
52664
52800
52856
53036
52724
52576
52328
53164
52620
52580
53104
52868
53008
52700
51956
53116
52768
52600
53120
52876
53036
52348
52608
53060
52688
52608
53016
52948
52776
52736
59620
53000
52756
52652
52752
53244
52640
52956
52496
52532
52992
52528
52728
53504
52980
52788
52832
52368
53316
52648
52612
53088
52796
52976
52784
52052
53092
52724
52688
53212
52812
53200
52576
52380
52952
52880
52616
53004
53120
52572
52864
52556
52896
52736
52728
52868
53100
62112
52924
52484
52772
53008
52672
52796
53176
52844
52920
52400
52496
53056
52636
52840
52924
52936
52856
52560
52304
53080
52796
52716
53212
52720
53128
52448
52340
53012
52600
52836
53000
53068
52672
52524
52756
52912
52588
52692
52800
53308
52668
52852
52340
52872
52896
52484
60108
53264
52816
52956
52536
52476
53068
52580
52936
52744
52972
52740
52732
52380
53144
52668
52600
53072
52772
53144
52524
52348
53020
52728
52684
53060
52968
52892
52576
52632
52892
52724
52736
52736
53168
52624
52812
52540
52780
52936
52576
52656
53100
52684
52936
52504
52560
60492
52592
52840
52972
52980
52752
52784
52452
53144
52584
52680
53100
52800
52996
52732
52196
53148
52664
52604
53120
53040
52944
52400
52756
53172
52624
52584
53020
53152
52576
52792
52584
52868
52944
52568
52792
53264
52792
53072
52588
52564
52992
52640
52912
52960
52972
52700
61816
52352
53276
52704
52612
53216
52928
53116
52676
51996
53140
52680
52576
53092
52852
53124
52412
52576
53228
52664
52616
52920
53008
52756
52744
52424
52908
52776
52664
52808
53232
52660
52932
52440
52644
52936
52688
52792
53108
52892
52788
52684
52228
53216
52504
52612
53108
61972
52992
52780
52132
53176
52672
52704
53244
52860
53128
52580
52488
53016
52792
52676
52984
53200
52588
52784
52564
52888
52684
52624
52900
53168
52656
52884
52416
52824
52884
52576
52772
53116
52840
52864
52488
52468
53164
52556
52748
52896
52940
52800
52540
52428
53028
60964
52776
53192
52744
53152
52440
52448
53144
52688
52720
52948
53100
52700
52580
52776
52872
52616
52684
52876
53120
52596
52792
52368
52776
52884
52492
52636
53100
52736
53008
52400
52512
53108
52500
52912
52808
52868
52804
52632
52432
53128
52640
52552
53116
52752
53064
52560
61276
53248
52700
52724
53100
52924
52832
52680
52616
53004
52612
52608
52808
53096
52564
52740
52632
52808
52844
52600
52692
53108
52676
52880
52568
52516
53016
52564
52856
52924
53036
52736
52740
52360
53092
52692
52580
53084
52812
52948
52664
52084
53116
52624
52540
53076
52960
61552
52576
52744
53176
52680
52600
53052
53024
52636
52700
52552
52892
52824
52632
52696
53228
52676
52972
52548
52572
53040
52488
52824
53000
52972
52672
52692
52276
53184
52616
52484
53096
52836
52992
52692
52012
53152
52812
52512
53176
52768
52996
52476
52480
53248
52612
52556
61424
53052
52708
52780
52472
52880
52748
52708
52848
53172
52680
52940
52432
52556
52968
52580
52716
53080
52960
52792
52600
52264
53280
52536
52544
53080
52776
52856
52648
52208
53180
52676
52548
53224
52800
53124
52504
52308
53008
52772
52628
53060
53200
52568
52648
52532
52920
61604
52796
52828
53180
52600
52924
52236
52872
52896
52624
52620
53084
52916
52860
52472
52476
53212
52472
52888
52796
52868
52808
52520
52316
53132
52760
52624
53152
52760
53184
52480
52296
53128
52744
52684
52976
52980
52708
52556
52764
52764
52640
52700
52816
52980
52608
52812
60680
52856
52924
52612
52648
53120
52788
52940
52480
52620
52968
52540
52824
52828
52820
52816
52624
52468
53104
52680
52592
53056
52776
53084
52584
52196
53180
52704
52608
53100
52928
52908
52484
52640
52996
52696
52536
52852
53096
52616
52744
52512
52924
52800
52604
52680
53176
61204
52912
52576
52648
53172
52508
52824
52912
53168
52648
52720
52340
53224
52620
52528
53084
52860
52924
52668
52096
53160
52668
52528
53200
52812
53012
52372
52748
53156
52724
52540
52940
53048
52708
52656
52420
52928
52736
52660
52624
53192
52700
52888
52548
52528
52952
52484
61688
53140
52924
52764
52792
52272
53204
52572
52500
53100
52848
53072
52780
51976
53084
52760
52460
53240
52772
53076
52408
52420
53280
52624
52560
53076
53032
52684
52792
52400
52880
52680
52692
52844
53092
52684
53036
52476
52740
52876
52568
52804
53060
52944
52856
52608
52428
59852
52560
52612
53108
52872
52948
52672
52220
53092
52732
52472
53216
52908
53120
52484
52480
53088
52716
52680
52972
53212
52608
52592
52680
52852
52680
52608
52888
53176
52604
52816
52284
52788
52920
52524
52532
53132
52864
52948
52932
52576
53184
52628
53040
52900
52884
61000
52684
52576
53208
52752
52756
53220
52780
53224
52520
52292
53112
52708
52616
53036
53044
52708
52600
52724
52840
52584
52736
52792
53080
52600
52892
52404
52768
52884
52528
52720
53092
52760
52924
52560
52512
53012
52604
52940
52904
52904
52728
52672
52376
53096
52568
52652
62600
52992
53036
52720
52280
53172
52668
52712
53116
52876
53040
52452
52644
53064
52664
52548
52836
53024
52612
52736
52460
52868
52836
52564
52636
53236
52656
52928
52436
52580
53056
52464
52676
52848
53068
52780
52740
52336
53156
52612
52596
53152
52908
52968
52632
52164
53032
59956
52676
53228
52896
52996
52444
52652
53116
52680
52620
52992
53028
52760
52676
52392
52928
52752
52680
52816
53164
52700
52912
52544
52544
52936
52664
52824
53056
52908
52704
52692
52180
53168
52588
52480
53156
52824
53004
52788
52028
53084
52720
52568
53224
52924
53068
52444
59800
53076
52824
52564
53008
53084
52616
52760
52424
53008
52640
52672
52868
53140
52720
52916
52560
52700
52792
52604
52692
53152
52924
52836
52540
52420
53180
52532
52688
53068
52928
52912
52548
52184
53032
52872
52568
53340
52788
53128
52480
52380
53124
52688
52756
53060
53208
59984
52624
52692
52928
52616
52764
52832
53164
52644
52848
52324
52804
52924
52500
52536
53068
52856
52928
52480
52532
53020
52588
52896
52784
52820
52728
52616
52456
53128
52704
52576
53180
52816
53192
52580
52364
53060
52768
52704
53064
53064
52832
52552
52608
52952
52668
52704
60232
53180
52700
52924
52500
52796
52908
52628
52588
53088
52732
52948
52536
52500
53120
52604
52800
52912
52972
52660
52688
52368
53132
52504
52628
53040
52868
52968
52540
52228
53128
52688
52636
53000
53036
52988
52432
52652
53136
52632
52524
52840
53084
52636
52664
52520
52804
60228
52648
52564
53192
52728
52964
52484
52564
52996
52540
52820
52768
53096
52732
52748
52272
53172
52616
52596
53124
52856
52924
52640
51932
53172
52712
52580
53036
52924
52988
52376
52632
53104
52744
52596
52876
52984
52720
52740
52436
52828
52740
52740
52680
53064
52740
52916
61288
52604
53004
52640
52752
53020
53036
52752
52664
52352
53144
52468
52516
53148
52824
52968
52708
52052
53088
52696
52640
53144
52828
53152
52476
52452
53012
52884
52604
52880
53196
52496
52788
52452
52884
52560
52696
52872
53112
52736
52856
52420
52660
52796
52548
52568
53128
60208
52960
52448
52492
53144
52568
52652
52988
52940
52828
52516
52344
53096
52776
52644
53108
52732
53124
52444
52460
53008
52624
52720
52976
53060
52712
52612
52736
52836
52572
52716
52800
53180
52616
52792
52344
52848
52924
52488
52508
53148
52816
52892
52408
52492
53052
59720
53036
52744
53016
52824
52744
52436
53168
52640
52512
53132
52824
53160
52628
52352
53060
52776
52660
52976
53032
52856
52568
52572
52868
52768
52640
52760
53116
52688
52888
52444
52768
52932
52580
52552
53144
52732
52868
52420
52592
53124
52548
52768
52964
52972
52792
52660
59604
53196
52572
52592
53052
52840
53080
52620
52224
53144
52652
52604
53084
53020
52956
52436
52664
53092
52664
52516
52984
53084
52628
52792
52504
52864
52948
52688
52736
53140
52736
52936
52460
52576
52908
52604
52728
52864
53000
52748
52676
52248
53196
52628
52576
53084
52920
60328
52708
52040
53216
52744
52556
53100
52900
53132
52448
52508
53292
52604
52588
52888
52984
52604
52700
52348
52924
52768
52620
52724
53236
52716
52992
52404
52620
52932
52636
52700
53096
53004
52856
52604
52212
53224
52556
52520
53076
52856
52952
52696
52144
53108
52748
52460
60568
52888
53156
52572
52480
53088
52832
52640
52976
53192
52572
52844
52580
52916
52636
52648
52800
53136
52724
52920
52340
52816
52876
52576
52760
53140
52896
52936
52456
52456
53124
52508
52832
52900
53000
52860
52552
52456
53104
52768
52440
53168
52696
53236
52440
52364
53064
60224
52764
53044
53040
52776
52632
52788
52956
52584
52700
52824
53112
52608
52900
52376
52912
52852
52456
52528
53128
52796
53008
52364
52520
53040
52552
52876
52824
52944
52804
52648
52492
53160
52672
52492
53056
52784
53052
52628
52324
53144
52752
52696
53032
52896
52912
52608
60756
52988
52600
52632
52832
53156
52632
52920
52572
52788
52880
52544
52632
53112
52796
52884
52428
52556
53136
52932
52852
52908
53072
52756
52692
52500
53164
52772
52564
53076
52836
52988
52672
52204
53080
52696
52544
53140
52952
52972
52412
52712
53152
52640
52496
53012
53096
61056
52708
52476
53052
52908
52708
52840
53208
52732
52912
52552
52560
53048
52552
52876
52952
53012
52656
52664
52340
53104
52628
52552
53096
52912
52992
52696
52012
53120
52820
52512
53236
52828
53024
52424
52436
53232
52628
52616
52980
53024
52744
52832
52452
52940
52732
59960
53064
53144
52804
53008
52568
52680
52960
52572
52632
53040
53044
52828
52584
52268
53240
52536
52496
53024
52840
52916
52676
52192
53128
52788
52612
53120
52860
53068
52504
52312
52976
52768
52680
52964
53192
52588
52652
52524
52856
52620
52668
52764
53124
52672
52912
52344
60996
53144
52732
52544
53232
52904
52884
52608
52448
53128
52516
52860
52796
52968
52840
52516
52384
53160
52760
52672
53196
52756
53216
52488
52292
53072
52688
52712
52916
53044
52752
52568
52676
52848
52556
52664
52820
53048
52604
52756
52520
52744
52812
52608
52552
53172
52752
61704
52580
52648
53028
52564
52884
52808
52960
52872
52636
52368
53124
52580
52596
53008
52788
53092
52672
52232
53092
52708
52636
53040
52940
52968
52548
52640
53036
52692
52596
52912
53088
52596
52764
52544
52920
52888
52652
52636
53132
52740
52836
52504
52648
53136
52568
52708
59596
53108
52752
52796
52328
53220
52724
52644
53036
52920
52988
52728
52184
53100
52684
52712
53108
52880
53020
52460
52696
53120
52768
52592
52888
52960
52804
52688
52432
52872
52756
52696
52696
53124
52680
52868
52496
52556
53008
52480
52784
52984
52920
52724
52768
52200
53084
60044
52600
53096
52872
53132
52820
52056
53084
52708
52516
53244
52784
53092
52480
52504
53208
52684
52608
53076
52976
52676
52724
52404
52936
52740
52660
52832
53132
52780
52888
52456
52732
52848
52652
52804
53096
52892
52884
52620
52380
53144
52528
52584
53108
52836
52888
52608
59488
53152
52820
52632
53156
52800
53008
52536
52480
53064
52796
52688
53028
53196
52568
52588
52712
52924
52608
52692
52896
53144
52600
52816
52312
52888
52948
52592
52520
53060
52816
52932
52440
52504
53068
52460
52880
52788
52880
52856
52592
52456
53160
52688
52536
53188
52764
60520
52536
52268
53216
52744
52616
53088
53096
52628
52612
52708
52780
52660
52668
52828
53080
52612
52844
52376
52764
52904
52508
52564
53052
52852
53012
52592
52492
53128
52580
52900
52844
52948
52700
52648
52380
53132
52608
52524
53032
52848
52988
52636
52192
53124
52696
52628
60628
52912
53000
52520
52664
53096
52672
52540
52908
53048
52560
52728
52460
52868
52836
52596
52584
53236
52692
52992
52372
52444
53100
52500
52800
52864
53036
52776
52736
52284
53144
52612
52472
53152
52908
52968
52632
52164
53048
