58725
59215
58895
58570
58695
58575
58445
58425
58905
57935
58935
58400
58970
58795
58660
58745
58475
58705
58445
58595
58340
59145
58280
58340
58545
58495
58925
58190
58430
58665
67150
58615
58545
58300
58575
58485
58680
58740
58340
58690
58350
58355
58315
58535
58715
58220
58605
58765
58585
58630
58585
59020
58500
58490
58400
58295
58935
58170
58735
58720
58465
58415
58815
58390
59040
58245
58630
58670
58995
58675
58600
58430
70420
58825
58295
58530
58500
58575
59050
58705
59030
58500
58800
58240
58320
58795
58310
58770
83920
57080
56555
56545
56765
56640
56450
56910
56945
56755
56670
56425
56735
56605
56860
56815
56455
57080
56035
56465
56855
56960
56425
56625
56675
56910
56650
66740
57290
56890
56620
56635
56675
56790
56490
56860
56885
56535
56595
56850
56610
57015
56645
56835
56955
56900
56760
56845
56790
56570
56575
57040
56200
56805
56670
57055
57080
56760
56915
56745
56745
56560
56665
56550
57040
56550
56500
56690
56850
56930
95180
56980
56710
56910
56915
56710
56505
56605
56745
56725
57005
56430
56715
56705
56420
56595
56670
56890
56390
56610
56885
56925
56700
56540
57340
56575
56635
56685
56570
57020
56615
56840
56940
56530
56460
57260
56415
57270
56475
56755
56770
57060
56920
68585
56860
56535
56870
56485
56580
56780
56545
57280
56890
57070
56580
56980
56470
56660
56800
56565
56890
56330
57060
56560
56455
56845
56500
56375
56920
56915
56810
56675
56415
56650
56645
56910
56810
56460
57120
56015
56525
56685
56730
56570
56415
56775
56900
67895
56530
57115
56950
56605
56605
56715
56655
56765
56555
56835
56540
56535
56915
56795
56965
56805
56635
56845
56910
56950
56620
56845
56650
56385
56905
56300
56935
56580
56860
57050
56825
56945
56730
56740
56480
56700
56405
57030
56790
56365
56825
56925
67540
56365
56720
56640
56690
57040
56615
56645
56670
56555
56605
56935
56400
56805
56905
56310
56480
56970
57015
56300
56580
56950
56930
56690
56505
57120
56710
56600
56885
56465
56915
56535
56820
57065
56480
56420
57155
56415
57290
56595
56685
56730
56945
56975
71540
56615
56495
56800
56630
56380
56945
56440
57450
56865
56935
56805
56910
56520
56770
56635
56430
57065
56315
56885
56535
56650
56700
56530
56370
56790
57155
56820
56695
56420
56720
56790
56830
56795
56465
57040
56120
56435
56620
56710
56635
56585
56775
70220
57095
56385
57165
56955
56605
56520
56835
56505
56830
56695
56805
56660
56640
56825
56845
56810
56795
56575
56880
56770
80445
55165
55095
55105
54775
55255
54720
55025
54960
55140
55465
55130
55260
55030
55030
55005
54945
54625
55365
55085
54670
55180
55100
64905
54865
54885
54895
55025
55345
55005
54910
54810
55145
54890
55265
54760
54905
55430
54390
54875
55135
55060
54580
55005
55140
55155
55070
54730
55440
54940
54820
55150
54890
55145
54990
55010
55370
54705
54840
55440
54795
55470
54805
54960
55130
55165
55260
55110
65050
54915
55020
55035
54560
55370
54850
55555
55185
55270
55010
55140
54735
55125
55085
54710
55360
54640
55185
54860
55010
55150
54770
54765
55060
55345
54970
54895
54910
54920
54975
54960
55290
54670
55470
54475
54650
54995
54860
55130
54800
55095
55050
55235
54740
63290
55345
54990
54920
54925
54905
55190
54945
55190
54705
55090
54955
55470
54875
55055
55060
55225
55060
55210
55125
54985
55155
54765
55065
54810
55020
54955
55140
55415
55095
55395
54855
55125
54905
55155
54785
55100
55195
54605
55190
55155
54945
54785
55070
54730
66040
55210
54975
54980
54875
55160
54845
55320
54860
54820
55450
54295
54915
55055
78201
53076
53652
53532
53692
53560
53240
53808
53468
53240
53636
53284
53600
53472
53672
53716
53152
53532
53804
53252
54040
53392
53496
53536
53744
53668
53716
53352
53332
53504
53680
61440
53820
53480
54064
53720
53712
53648
53464
53348
53408
53432
53268
53820
53260
53492
53388
53424
53700
53224
53300
53472
53820
53376
53396
53276
53548
53508
53408
53664
53136
53952
53060
53076
53492
53424
53576
53248
53608
53648
53576
53320
53728
53808
53416
53300
53400
61816
53920
53444
53700
53448
53420
53496
53812
53504
53688
53524
53572
53516
53748
53544
53496
53480
53216
53776
53288
53476
53448
53504
53896
53720
53960
53424
53676
53112
53624
53376
53580
53612
52936
53760
53420
53548
53576
53988
53176
53536
53612
53640
53444
53456
62320
53508
53756
53488
53360
53820
52900
53124
53600
53620
53168
53576
53528
53752
53532
53156
53900
53572
53172
53676
53284
53580
53500
53692
53800
53240
53364
53656
53308
54164
53192
53524
53624
53756
53592
53652
53452
53180
53484
53720
52904
53816
53372
53992
53600
53808
53720
62372
53412
53460
53428
53368
53836
53248
53440
53396
53404
53708
53172
53396
53360
53896
53308
53588
53240
53528
53296
53660
53640
53164
53892
53060
53276
53404
53452
53548
52984
53680
53664
53496
53356
53688
53812
53548
53384
53300
53308
53832
53404
53576
53532
53512
53336
64204
53368
78492
52104
52454
52370
52492
52424
52242
52254
51984
52480
51846
52204
52262
52204
52670
52476
52604
52032
52388
51992
52166
52330
52058
52464
51728
52582
52072
52140
52274
52246
51750
52200
52472
52280
52116
52030
52378
52014
52396
52296
52026
52596
51562
51926
52312
60650
51984
52180
52320
52518
52228
51918
52654
52358
52114
52254
52108
52372
52086
52346
52404
52068
52074
52408
52030
52684
51958
52400
52400
52500
52304
52410
52242
52030
52150
52500
51570
52570
52062
52726
52446
52388
52458
52088
52196
52104
52112
52058
52666
51942
52066
52250
61870
52454
51892
52242
52200
52470
52138
52258
51988
52204
52112
52388
52504
51926
52500
51836
51870
51888
52450
52454
51746
52226
52482
52116
52250
52330
52600
52208
52122
51962
52062
52532
51930
52300
52466
52054
52128
52618
51986
52662
51958
52342
52234
52650
52286
52250
52100
61308
52612
51854
52296
52246
52230
52604
52504
52692
52096
52500
51888
51962
52354
52092
52454
51650
52592
52058
52042
52214
52158
51892
52280
52412
52264
52236
51954
52192
52170
52350
52354
51942
52650
51454
51924
52312
52374
51930
52114
52246
52362
52250
51978
52692
52404
52058
52304
59364
52288
52046
52454
52408
52174
52014
52400
52158
52568
52086
52264
52474
52484
52220
52434
52266
52022
52100
52512
51742
52386
52188
52604
52480
52400
52484
52176
52238
51950
52238
51992
52638
52012
51972
52224
52338
52412
51812
52170
52154
52380
52326
52104
52046
52178
52110
60572
52522
51946
52408
52050
51880
52058
52208
52380
51904
52150
52488
52366
52268
52160
52736
52150
52014
52292
52040
52566
52024
52246
52354
52070
52050
52596
52004
52684
51908
52326
52300
52572
52470
52110
52192
52104
52300
52032
52046
52136
52168
52750
52376
52546
52158
52488
63334
75337
50960
50812
51020
50380
51144
50836
50660
50864
50684
50576
51100
51132
51020
50664
50600
50916
50848
50996
50968
50620
51184
50316
50496
50936
51060
50596
50688
50916
51068
50904
50684
51332
51112
50628
50780
50792
50936
50712
50900
50972
50768
50788
50940
50972
51032
50936
59616
51312
50944
51080
50976
50916
50960
50556
51168
50460
50964
50672
51120
51264
51040
51032
50972
50932
50760
50740
50692
51136
50748
50644
50876
50952
50880
50452
50816
50788
50764
51020
50728
50672
50784
50780
50848
51204
50452
50960
50844
50488
50688
50876
51076
50472
50776
51004
51124
58852
50760
51328
50840
50696
50856
50684
51048
50820
50964
51124
50836
50548
51492
50420
51320
50592
50932
50900
51036
51052
50900
50792
50740
51008
50720
50628
50996
50648
51412
51208
51192
50728
51084
50632
50924
50844
50648
51080
50448
51104
50648
50804
50856
50656
50444
51012
51264
50936
51020
50564
50784
50992
50956
51016
50676
51156
50288
50584
50912
50860
50684
50776
50860
51008
51028
50504
51384
51076
50820
50640
50808
50792
50992
50732
50884
50856
50776
50988
50972
51044
50880
50740
50948
50920
51004
50932
50976
50824
50684
51104
50556
50900
50780
51144
51248
51016
58960
51060
50952
50800
50860
50596
51152
51012
50416
50960
51040
50864
50472
50804
50748
50712
51184
50868
50732
50824
50872
50720
51044
50564
50796
51164
50228
50596
51128
51000
50488
50884
51072
51192
50876
50620
51368
50844
50736
51004
50644
51056
50668
50916
51224
50684
50536
51392
50580
58356
50636
50912
50944
51096
51148
50928
50828
50680
51036
50804
50516
51072
50656
51524
51100
51100
50920
51096
50584
50952
50784
50664
51280
50480
51008
50656
50744
50924
50640
50572
51008
51200
50856
50864
50664
50860
50888
50936
50980
50576
51380
50312
50556
50868
50728
50932
50776
60596
50988
51052
50740
51228
51124
50812
50720
50808
51200
51032
50756
50988
50736
50960
50956
51140
50836
50912
50880
51060
50908
51016
73860
49829
49712
49462
49925
49434
49841
49583
49908
50091
49938
50021
49737
49671
49583
49758
49283
50033
49925
49242
49917
49875
49700
49550
49692
58463
49958
49995
49629
49609
49704
49825
49604
49966
49600
49546
50079
48984
49438
49937
49925
49308
49804
49825
49945
49742
49425
50104
49850
49504
49787
49608
49867
49675
49729
49996
49409
49705
49988
49542
50246
49538
49691
49850
49758
50012
49925
49700
49404
49666
49988
49212
50021
49712
50150
57584
49991
49771
49866
49421
49691
49662
49425
50087
49446
49708
49525
49842
49891
49437
49496
49704
50146
49658
49662
49521
49750
49821
49588
49909
49425
50121
49212
49313
49813
49620
49850
49342
49842
49758
49888
49454
49921
50134
49667
49487
49634
49584
49913
49591
49921
49554
49621
49733
50087
57459
49759
49817
49830
49805
49959
49754
49763
49771
49463
49846
49463
49666
49608
49737
50158
49834
50112
49659
49950
49300
49830
49525
49820
49750
49150
49987
49717
49633
49650
49717
49433
49737
49833
49746
49538
49646
49721
49592
50008
49517
49612
50071
49042
49429
49854
49800
49425
49762
49725
57808
49679
49562
50071
49725
49483
49817
49525
49837
49721
49805
49921
49404
49675
49979
49546
50266
49362
49888
49742
50030
49825
49921
49625
49492
49675
49946
49088
50075
49567
50209
49800
49975
49879
49837
49596
49675
49600
49495
50042
49509
49696
49646
49679
49970
49346
49645
49746
50163
57138
49938
49488
49713
49621
49892
49950
49317
50258
49246
49425
49779
49742
49708
49346
49779
49916
49675
49487
49983
50050
49725
49529
49437
49571
50021
49563
49921
49600
49670
49646
49991
49562
49992
49608
49896
49696
49942
49812
49671
49805
49434
50005
49446
49605
49779
49609
50096
49904
50179
57204
49916
49425
49767
49788
49646
49870
49204
50000
49596
49695
49825
49638
49329
49704
49975
49758
49525
49571
49825
49429
49946
49758
49467
50191
49008
49458
49929
49829
49433
49758
49779
49946
49696
49413
50150
49825
49454
49754
49600
49942
49596
49938
49850
49425
49587
49946
49562
50338
49337
59463
50004
72987
49004
49108
48952
48592
48832
49160
48312
49292
48704
49440
48912
49132
49220
48844
48808
48688
48876
48824
49244
48704
48808
48688
48752
49236
48484
48840
48740
49260
48780
48884
48696
48844
48728
48952
49024
48592
49264
48500
48568
48676
48904
48976
48480
48980
49136
48712
48828
57804
49252
48832
48980
48644
48748
49176
48688
49008
49064
48824
48668
49224
48640
49344
48700
48972
48956
49156
48972
48844
48932
48576
49156
48508
48932
48920
48888
49252
49220
49292
48712
49048
48664
48716
48996
48780
49160
48376
49128
48848
48700
48908
48836
48504
48836
49300
48828
48832
48596
48984
56372
48900
49080
48568
49436
48120
48616
49004
49020
48512
48832
49012
49084
48976
48588
49340
49024
48732
48968
48808
48896
48668
48996
49056
48860
48504
49084
48720
49392
48656
48928
49036
49112
48864
49064
48960
48620
48772
49124
48332
49216
48732
49372
49136
49000
49156
48804
48928
48680
49024
56344
49484
48628
48732
48860
48864
49220
48596
48700
48940
49088
48868
48840
48664
48788
48856
49000
49008
48588
49096
48628
48548
48752
48800
49020
48588
48920
49136
48880
48912
48928
49408
48748
48780
48808
48612
49192
48612
48996
49088
48768
48600
49124
48688
49396
48576
48992
48928
49276
49036
48912
57816
48764
49120
48584
48900
48760
48956
49268
49040
49388
48776
49148
48576
48620
49088
48740
49096
48324
49136
48804
48692
48916
48748
48532
49128
49204
48864
48780
48632
48880
48824
49028
48964
48600
49352
48176
48656
48964
49032
48588
48768
48836
49072
48920
48700
49384
49068
48720
48872
48868
55468
48856
49080
49052
48772
48800
48964
48824
49200
48812
48964
49160
48964
48980
49024
48972
48816
48688
49068
48480
48996
48836
49260
49200
48964
49148
49000
48880
48732
48876
48776
49292
48756
48560
48800
48940
49104
48444
48868
48764
49016
48944
48828
48772
48800
48892
48760
49240
48568
48932
48932
56084
48740
48868
49012
48540
48840
49080
49112
48796
48780
49480
48808
48740
48880
48652
49036
48800
48892
49192
48732
48556
49404
48508
49368
48572
48940
48988
49196
49104
48968
48840
48748
49060
48712
48692
49000
48764
49444
49092
49172
48844
49116
48908
48872
48956
48768
49120
48420
49152
48672
57204
49128
48532
48592
49032
49240
48960
48880
48664
48812
48912
48956
49036
48656
49272
48320
48660
48964
48816
48644
48660
48984
49076
48924
48720
49320
49156
48868
48680
48920
48772
48932
48808
48964
48804
48740
48960
49000
49016
48888
48876
49044
48988
49052
48848
48940
48956
48660
49056
48560
49008
56200
49204
49264
49088
49168
48984
48940
48740
48932
48608
49228
48824
48604
48980
48996
48916
48468
48920
48804
48820
49140
48796
48820
48820
48840
48740
49068
48616
49012
49088
48468
48656
48968
49052
48376
48832
49084
49096
48828
48720
49364
48896
48736
49104
48620
49036
48740
48948
49120
48828
55684
49564
48532
49372
48828
48852
48956
49112
49148
48844
48836
48756
48920
48844
48564
49144
48644
49540
49056
49036
48936
49108
48688
48852
48916
48604
49320
48428
49020
48620
48820
48832
48732
48544
48968
49296
48904
48824
48548
48892
48912
48880
48952
48584
49332
48380
48600
48876
48772
48828
48732
56124
48944
49100
48668
49264
49152
48780
48656
48984
48724
48948
48784
49008
48844
48800
48928
49032
48948
49000
48848
48980
48880
49000
48976
48912
48964
48644
49120
48596
48924
48908
48956
49304
49008
49180
48988
48852
48788
48892
48620
49136
49004
48496
49000
48968
48880
48604
48776
48720
48968
49052
56032
48872
48760
48908
48664
49068
48720
48744
49292
48248
48656
49020
49108
48328
48916
49048
49088
48888
48624
49336
49000
48680
49032
48760
48944
48848
48912
49200
48700
48676
49184
48660
49348
48784
48784
49088
48920
49236
48992
48872
48700
48904
48988
48444
49268
48732
49428
49036
49108
48932
56812
48808
48928
48844
48756
49324
48428
48996
48728
48768
48968
48700
48656
48968
49232
48768
48824
48768
48824
48972
48736
49084
48616
49348
48396
48512
49012
48668
49048
48588
48992
48984
49104
48640
49180
49148
48832
48796
48792
48740
49096
48664
49152
48592
48960
48800
49344
48736
48984
48920
49036
56940
49140
48948
48840
49092
48680
49052
48712
48836
48868
49024
49260
49024
49208
48812
49008
48708
49016
48664
49096
49016
48380
49056
48960
48808
48624
48876
48732
48888
49012
48852
48852
48752
48932
48616
49128
48760
48728
49276
48124
48708
48980
49052
48448
48932
48924
49076
48868
48684
49300
48964
55964
49036
48660
49024
48804
49128
49092
48488
48852
49072
48840
49432
48688
48860
49004
49048
49040
49200
48768
48748
48892
49084
48284
49232
48868
49376
49092
49080
49036
48948
48764
48824
48844
48696
49224
48560
48880
48780
48788
49160
48564
48752
48880
49340
48672
48836
48620
48984
48828
48796
56280
48660
49444
48428
48444
48924
48884
48968
48508
48980
49152
48888
48708
49092
49220
48924
48728
48736
48696
49048
48764
49012
48860
48788
48824
49180
48936
48960
48848
49068
48952
49080
48940
48876
48976
48664
49040
48680
48832
48932
48868
49264
49088
49236
48752
49048
48556
49012
48816
48952
49060
55500
49200
48768
48872
48904
48844
48568
48844
49044
48940
48792
48780
48868
48624
49096
48860
48800
49176
48272
48604
48980
48932
48580
48836
49020
49148
48900
48620
49360
49016
48676
48972
48704
48940
48820
49112
49152
48636
48708
49084
48756
49540
48556
48948
48952
49156
48984
49080
48888
48716
55796
49280
48356
49244
48756
49392
48984
49108
49168
48896
48836
48820
48864
48800
49260
48568
48728
48816
48760
49104
48540
48848
48772
49296
48716
48960
48688
48832
48684
48944
49032
48652
49312
48468
48640
48748
48964
48956
48392
49000
49080
48900
48788
49064
49256
48808
48828
48692
48684
49036
48724
56192
48996
48824
48628
49240
48792
49256
48676
49072
48920
49160
48960
48928
48876
48576
49100
48536
48952
48900
48912
49296
49140
49304
48664
49040
48700
48776
48980
48732
49096
48404
49128
48720
48752
48948
48808
48524
48856
49172
48924
48760
48660
49056
48680
48944
49008
48648
49364
48188
48584
48996
58008
48648
48760
49060
49168
48932
48644
49288
49028
48756
48872
48740
49008
48712
49060
49056
48756
48636
49136
48828
49364
48628
48980
48968
49168
48976
49036
48860
48696
48816
49108
48296
49268
48676
49380
49128
49048
49168
48796
48888
48724
48888
48776
49368
48640
48648
48812
48848
49204
48488
55880
49040
49180
48800
48912
48596
48852
48852
48924
49112
48516
49216
48576
48492
48676
48928
49288
48456
49028
49204
48852
48912
48968
49320
48876
48760
48716
48652
49220
48564
49084
49152
48764
48716
49208
48716
49292
48620
48968
48944
49252
48880
48976
48740
48760
49108
48536
48956
48840
48908
57096
49252
49308
48796
49128
48580
48708
49072
48688
49128
48364
49248
48708
48656
48960
48824
48528
49016
49204
48936
48760
48660
48912
48772
48936
48992
48716
49352
48132
48636
48964
49028
48524
48788
48912
49076
49028
48604
49424
49012
48712
48904
48820
48952
48648
49084
49000
48856
48672
48928
48796
56384
48848
49008
49096
49124
48884
49016
48932
48732
48732
49108
48388
49048
48820
49304
49172
49000
49124
48948
48896
48668
48916
48748
49356
48684
48632
48784
48976
49016
48444
48772
48844
49024
48968
48748
48796
48760
48828
48988
49052
48608
48964
48816
48516
48744
48868
48952
48616
48832
49120
49116
56616
48800
49464
48848
48740
48900
48580
49196
48716
48980
49124
48732
48664
49276
48688
49288
48648
48904
48960
49304
49116
48868
48764
48720
49072
48724
48828
48852
48776
49412
49080
49248
48844
49156
48548
48800
49000
48796
49056
48360
49176
48848
48600
48976
48632
48612
49156
49256
48944
48708
56756
49048
48836
48992
49032
48632
49296
48320
48584
48924
48976
48588
48668
48952
49112
48916
48696
49292
49152
48776
48768
48836
48924
48856
48920
49000
48780
48772
48904
48920
49136
48948
48816
49132
48972
49088
48876
48924
49008
48552
49096
48492
49036
48756
49192
49220
49056
49136
48980
48812
48796
56036
48792
49220
48796
48580
48936
49052
48952
48408
48920
48812
48876
49104
48780
48804
48784
48876
48756
49208
48568
48948
48896
48556
48620
48908
49068
48520
48800
49084
49108
48820
48788
49348
48900
48720
48924
48632
49096
48748
48968
49128
48776
48572
49392
48476
49380
48732
48976
48880
49192
55544
49088
48728
48812
49028
48816
48648
49024
48736
49484
49116
49132
48860
49144
48600
48900
48892
48704
49152
48356
49148
48652
48816
48860
48592
48580
49004
49296
48912
48832
48596
48888
48984
48852
48976
48684
49212
48380
48616
48892
48836
48704
48784
48916
48992
49060
48596
49316
49108
48864
48672
56112
48892
48936
48872
49052
48884
48824
49016
48968
49092
48920
48852
48972
49024
49036
48876
49008
48860
48696
49200
48556
48972
48868
49128
49192
49088
49136
48980
48824
48812
48936
48548
49172
48984
48432
49008
49048
48876
48512
48808
48788
48848
49092
48872
48840
48784
48896
48728
49104
48564
48884
56404
48348
48680
49012
49016
48408
48892
49048
49128
48856
48636
49336
48848
48744
49008
48688
49028
48720
49004
49192
48756
48544
49304
48676
49364
48732
48928
49012
49060
49132
48956
48820
48756
48888
48964
48548
49148
48680
49512
49012
49048
48900
49156
48628
48908
48880
48672
49284
48368
49016
55784
49008
48892
48788
48608
49040
49168
48840
48856
48676
48868
48848
48816
49092
48604
49344
48368
48496
48948
48704
48920
48740
48944
48912
49088
48676
49196
49152
48776
48800
48808
48732
49040
48796
49084
48676
48888
48836
49228
48800
48972
48916
49044
48884
49108
48912
48976
48924
48616
49112
48628
57672
48860
49080
49308
48980
49228
48960
48876
48796
48984
48588
49080
49016
48444
48980
48956
48812
48680
48880
48716
48908
49060
48764
48848
48760
48908
48692
49176
48716
48768
49300
48120
48656
49012
49136
48440
48884
48996
49064
48936
48660
49324
48992
48660
49028
48692
48992
48828
49008
49216
48584
49056
49084
48760
49396
48740
48848
48980
49032
49152
49108
48816
48652
48876
49116
48332
49176
48928
49328
49132
49116
48984
49036
48664
48784
48900
48724
49232
48636
48836
48704
48852
49076
48564
48688
48856
49252
48764
48816
48740
48972
48884
48704
49108
48604
49412
48376
48468
49020
48732
49072
55452
49124
49020
49048
48732
49108
49308
48844
48760
48732
48760
49092
48712
49132
48716
48832
48824
49208
48860
48988
48992
48988
48908
49152
48852
48912
48976
48624
49100
48680
48860
48860
48876
49372
48988
49252
48800
49076
48508
49128
48712
49064
49012
48372
49088
48832
48796
48852
48836
48568
48876
56280
48864
48764
48872
48884
48692
49140
48732
48792
49244
48224
48660
48976
49008
48532
48860
48960
49156
48760
48704
49292
49080
48632
49040
48692
48964
48940
49020
49236
48564
48784
49084
48720
49484
48592
48924
48920
49172
48996
49136
48720
49124
48824
49064
48368
49256
48744
49372
49048
49144
57212
49048
48768
48876
48852
48696
49280
48640
48836
48748
48808
49120
48500
48768
48812
49356
48676
48936
48700
48868
48796
48940
49056
48516
49368
48432
48580
48848
48892
48856
48500
48960
49120
48928
48728
49120
49208
48880
48740
48732
48740
49112
48696
49092
48880
48840
48704
49220
48748
49240
48712
56384
48880
49148
49036
48844
49040
48608
49100
48652
48908
48980
48860
49288
49068
49364
48612
49028
48636
48912
48948
48836
49112
48356
49156
48724
48768
48952
48764
48612
48804
49192
48904
48736
48700
49008
48628
49012
48988
48652
49220
48212
48612
48988
48924
48632
48788
48992
49112
48908
48540
56484
49144
48696
48872
48772
49076
48704
49152
49100
48648
48724
49048
48772
49512
48424
48984
49024
49164
49028
49156
48852
48600
48792
49228
48304
49224
48700
49424
48924
49164
49172
48848
48784
48760
48888
48792
49292
48720
48760
48712
48724
49208
48508
48812
48812
49204
48744
48944
48708
48784
48744
56244
49060
48636
49236
48600
48604
48644
48948
48948
48472
49012
49156
48748
48840
49020
49260
48872
48880
48636
48716
49140
48728
48980
49112
48784
48708
49200
48664
49288
48700
48892
48996
49232
48968
48784
48896
48640
49160
48516
48972
48880
48880
49288
49148
49244
48720
49068
48584
48700
49080
55776
49240
48400
49164
48808
48768
48900
48892
48536
48816
49268
48872
48868
48612
48984
48828
48892
49040
48576
49332
48224
48584
49040
48956
48544
48808
49000
49120
48944
48544
49420
48984
48740
48924
48824
48912
48656
49048
49108
48844
48520
49096
48776
49356
48660
48912
49072
49144
48900
48980
48896
55876
48740
49188
48308
49136
48840
49340
49200
49012
49168
48908
48920
48648
48976
48720
49384
48556
48684
48796
48860
49136
48548
48744
48904
49060
48872
48900
48644
48844
48832
49020
49032
48576
49120
48608
48516
48788
48800
48956
48564
48924
49148
48924
48888
48932
49384
48788
48752
48828
48604
49120
57168
48964
49104
48844
48716
49104
48696
49408
48620
49000
48904
49280
48992
48868
48744
48768
49028
48660
48840
48784
48932
49288
49056
49356
48816
49128
48620
48668
49068
48776
49124
48320
49136
48824
48692
48912
48716
48544
49160
49236
48848
48792
48660
48844
48872
48980
48976
48636
49340
48144
55672
49088
49024
48664
48724
48904
49056
48948
48672
49372
49080
48784
48852
48852
48956
48688
49020
49012
48796
48736
48920
48864
49156
48812
48948
49128
49020
48956
48988
48948
48884
48608
49084
48488
49008
48864
49228
49168
48948
49192
48932
48836
48800
48848
48744
49184
48756
48608
48816
48924
49084
55724
48888
48812
49040
49052
48780
48828
48784
48888
48772
49224
48572
48896
48960
48500
48724
48880
48996
48456
48908
49044
49168
48804
48720
49480
48852
48700
48864
48684
49008
48832
48884
49200
48752
48524
49444
48444
49368
48628
48900
48864
49212
49092
48904
48864
48744
49048
48700
48652
49052
48764
56604
49084
49200
48804
49104
48560
48912
48936
48740
49140
48412
49132
48636
48740
48964
48648
48596
49084
49244
48928
48800
48620
48828
48964
48912
49000
48612
49292
48320
48668
48892
48792
48664
48668
49036
49060
48940
48712
49384
49132
48852
48724
48884
48756
48936
48788
49068
48832
48740
49056
56232
49200
48900
48944
49120
48988
49096
48824
48936
48956
48700
49008
48560
48988
48856
49060
49236
49072
49152
48952
48964
48704
48964
48580
49252
48844
48576
48976
48992
48868
48476
48964
48744
48848
49152
48796
48864
48792
48856
48716
49064
48616
48920
49132
48404
48680
48940
48984
48424
48796
49016
56356
48840
48692
49388
48964
48712
49080
48664
49020
48688
48956
49224
48804
48600
49316
48556
49404
48804
48872
48952
49096
49184
48904
48820
48788
48928
48868
48544
49112
48692
49528
49012
49076
48984
49080
48684
48904
48860
48696
49232
48504
48916
48696
48792
48912
48728
48572
49016
49216
48912
55300
48712
48896
48960
48912
49048
48620
49296
48348
48580
48900
48760
48864
48724
48960
48896
49148
48712
49288
49072
48812
48700
48904
48792
48936
48816
49076
48800
48828
48932
49056
48864
49020
48852
49016
48904
49104
48956
48932
48968
48652
49092
48604
48928
48876
48992
49264
48944
49172
49036
48828
56040
48864
48616
49220
48956
48564
49060
48944
48816
48608
48788
48724
48976
49056
48824
48828
49072
48944
48640
49176
48732
48744
49368
48220
48636
49024
49116
48376
48880
49096
49040
48872
48648
49336
49012
48760
49016
48724
48928
48808
48936
49248
48672
48768
49140
48724
49372
48752
48800
49060
56980
49288
49040
48872
48656
48896
49012
48472
49196
48812
49380
49108
49092
48904
49052
48616
48864
48860
48728
49220
48532
48916
48724
48796
48896
48672
48656
48956
49244
48760
48812
48816
48816
48956
48748
49044
48648
49336
48408
48436
49048
48668
49072
48544
48960
48972
49032
48640
49184
49168
48860
55920
48860
48716
49188
48680
49156
48636
48984
48780
49288
48800
48936
49020
48992
48948
49120
48988
48832
48992
48688
49000
48728
48880
48824
48980
49280
48964
49228
48824
49048
48620
49080
48660
49128
49008
48408
49004
48932
48792
48660
48908
48704
48932
48984
48856
48784
48804
48960
48680
49144
48716
56952
49344
48116
48656
49112
49056
48440
48936
48952
49072
48888
48692
49320
49012
48636
49080
48592
49020
48900
49080
49160
48480
48872
48964
48888
49440
48616
48884
48952
49024
49048
49152
48760
48788
48804
49096
48316
49232
48836
49412
49020
49124
49016
48964
48792
48836
48820
48696
49268
48548
56032
48876
48844
49116
48580
48760
48856
49340
48656
48900
48620
48920
48836
48868
49112
48540
49464
48436
48516
48916
48864
48948
48464
48996
49068
48960
48684
49128
49244
48880
48744
48656
48740
48960
48776
49080
48792
48792
48844
49192
48828
49056
48820
48972
48984
49168
48960
48836
49004
48640
49036
55924
48880
48952
48924
49380
49156
49316
48704
49008
48472
49028
48856
48928
49016
48400
49132
48724
48840
48924
48756
48552
48856
49060
48996
48700
48812
48872
48704
49072
48840
48860
49204
48236
48588
49020
48904
48576
48820
49032
49084
48924
48536
49392
48988
48664
48976
48724
48928
48840
49132
56208
48868
48748
49120
48736
49576
48560
48992
48980
49136
49032
49080
48856
48680
48804
49152
48328
49248
48756
49392
48876
49112
49156
48912
48880
48804
48848
48728
49280
48520
48780
48784
48764
49144
48460
48864
48736
49320
48756
48968
48736
48808
48688
48944
49052
48660
49252
48432
48640
48668
48944
56296
48396
49016
49152
48884
48772
49060
49268
48764
48824
48704
48672
49136
48736
49036
49012
48832
48628
49224
48724
49340
48652
49008
48944
49144
48940
48916
48884
48672
49104
48536
48924
48952
48892
49316
49120
49316
48652
49008
48768
48764
49012
48772
49124
48332
49136
48756
48708
48948
48844
48492
57152
49196
49000
48812
48752
49020
48748
48884
48996
48672
49328
48168
48560
49040
48932
48536
48808
49032
49124
48872
48652
49248
49036
48780
48868
48716
49024
48704
49080
49092
48756
48540
49120
48816
49396
48560
48976
48968
49208
49016
49048
48856
48688
48780
49048
48304
49240
48704
49364
49220
57436
49320
48804
48956
48700
48952
48704
49456
48592
48680
48788
48804
49140
48556
48736
48948
49092
48788
48920
48564
48832
48828
48920
49072
48496
49172
48592
48580
48692
48872
49056
48484
48964
49196
48800
48880
49004
49348
48808
48792
48708
48644
49172
48524
49084
49156
48768
48704
49184
48736
49352
55872
49016
49048
49296
49036
48916
48788
48732
49068
48540
48932
48792
48940
49240
49140
49344
48708
49188
48596
48632
49076
48716
49160
48376
49220
48680
48680
48904
48732
48612
48936
49244
48892
48776
48676
48916
48788
48980
48888
48688
49340
48172
48608
48976
49016
48580
48740
48876
49140
48944
55668
49604
48984
48724
48940
48820
48960
48676
49136
48968
48824
48652
49000
48792
49152
48836
48932
49156
49040
48936
49048
48900
48736
48792
49088
48436
49056
48848
49304
49136
48932
49188
48964
48880
48692
48888
48748
49324
48740
48644
48800
48972
49032
48456
48860
48780
49020
48976
48832
48792
48728
57312
49004
49104
48612
48972
48860
48564
48664
48888
49012
48568
48848
49100
49040
48844
48800
49472
48796
48708
48852
48632
49148
48752
48972
49132
48820
48580
49292
48592
49356
48552
48864
49024
49248
49120
48872
48816
48724
49000
48664
48804
48856
48772
49420
49088
49224
48844
49168
48524
48832
48980
55868
49100
48336
49188
48892
48628
49056
48612
48572
49132
49204
48952
48716
48652
48924
48768
49016
49036
48568
49296
48284
48592
48992
48936
48596
48632
48944
49128
48920
48680
49300
49156
48860
48748
48892
48908
48900
48888
48964
48856
49152
48948
48976
49248
49016
48868
49052
49004
49152
48856
56892
49040
48556
49124
48532
49012
48816
49192
49212
49056
49168
48916
48844
48724
48880
48792
49204
48824
48516
48928
49040
48964
48444
48936
48764
48880
49148
48756
48796
48832
48852
48792
49156
48540
49012
48928
48536
48620
48924
48984
48460
48824
49040
49084
48896
48760
49376
48880
48680
48980
48668
56340
48704
49076
49180
48772
48576
49392
48524
49360
48684
48972
48920
49152
49128
48832
48804
48768
49048
48756
48612
49040
48692
49504
49024
49132
48896
49092
48712
48888
48912
48732
49164
48364
49124
48672
48768
48944
48592
48572
48988
49316
48852
48888
48588
48880
48960
48868
49020
48616
49280
55664
48712
48864
48860
48732
48764
48956
48960
49084
48640
49352
49084
48836
48652
48956
48708
48908
48852
48964
48904
48768
48988
48988
49080
48984
48856
48972
48976
49004
48900
48976
48872
48708
49144
48532
48928
48888
49056
49232
49156
49148
48960
48880
48732
48880
48648
49164
49004
48428
48996
49020
56796
48548
48880
48840
48824
49156
48864
48804
48732
48892
48748
49048
48620
48876
49276
48236
48704
49008
48996
48376
48896
49048
49096
48916
48604
49348
48840
48728
49060
48668
49012
48828
48912
49228
48744
48540
49292
48648
49336
48796
48880
49020
49068
49136
48940
48844
48776
48904
48956
48492
56304
48876
49444
49124
49060
48972
49132
48596
48972
48852
48672
49232
48460
48976
48708
48832
48800
48772
48632
48980
49164
48808
48816
48724
48920
48880
48816
49128
48524
49420
48372
48468
48948
48768
48932
48696
48968
48872
49148
48688
49196
49188
48836
48772
48860
48768
49036
48748
49128
48628
48932
55772
49320
48848
48916
48976
49044
48956
49160
48900
48908
48948
48632
49116
48676
48808
48852
49028
49320
49000
49240
48872
48924
48756
49012
48640
49132
49012
48384
48996
48916
48820
48692
48860
48736
48880
49044
48792
48864
48764
48908
48640
49264
48768
48744
49268
48164
48612
49024
49172
48396
48948
55748
49096
48928
48608
49312
49036
48704
48996
48688
48928
48812
49092
49176
48568
48876
49128
48724
49360
48700
48896
48964
48988
49212
49152
48768
48712
48876
49128
48304
49184
48916
49376
49160
49076
49012
49064
48676
48776
48888
48692
49228
48504
48872
48720
48824
49052
48636
48672
48908
49272
55760
48940
48732
49004
48948
48764
49084
48600
49436
48368
48448
48972
48740
49052
48476
48996
49048
49016
48684
49140
49252
48872
48764
48740
48712
49148
48644
49124
48796
48808
48800
49160
48888
48988
48976
49004
48952
49176
48936
48900
48952
48656
49120
48720
48856
48844
48924
49324
49076
49216
48816
56236
48536
49048
48692
49128
49048
48296
49148
48792
48848
48828
48852
48576
48852
49016
48952
48716
48848
48900
48684
49168
48776
48820
49220
48168
48640
48980
48992
48648
48888
49004
49120
48812
48720
49296
49032
48600
49060
48640
49060
48976
48996
49168
48632
48744
49100
48732
49464
48624
48920
55892
49312
49012
49136
48776
48796
48828
49140
48312
49260
48740
49360
48992
49144
49120
48964
48712
48848
48812
48756
49288
48536
48824
48700
48812
49140
48468
48776
48848
49320
48668
48988
48596
48892
48800
48964
49060
48564
49432
48424
48668
48800
48860
48936
48464
49012
49076
48944
48720
49108
49168
55856
48816
48660
48724
49188
48700
49052
48908
48908
48608
49244
48740
49288
48704
49072
48876
49148
49012
48840
49000
48532
49100
48624
48956
48920
48852
49296
49124
49396
48584
49052
48568
48892
48988
48768
49200
48296
49200
48728
48804
48936
48744
48548
48852
49220
48912
48792
48620
49104
48608
48968
55992
48704
49252
48164
48712
48960
48956
48628
48828
49036
49112
48860
48592
49356
49020
48724
48848
48748
49048
48664
49132
49132
48684
48700
49024
48868
49520
48536
49008
48956
49204
49012
49112
48884
48656
48836
49176
48260
49184
48700
49420
48976
49132
49172
48856
48808
48728
48972
48744
49360
55656
48872
48764
48792
49228
48536
48840
48796
49212
48800
48920
48684
48800
48764
48976
49080
48600
49184
48576
48528
48656
48920
48972
48464
48980
49164
48784
48820
49060
49268
48852
48880
48672
48660
49112
48680
48992
49092
48784
48700
49280
48592
49360
48688
48960
48948
49264
48864
48884
48916
48648
56116
48532
48940
48856
48984
49304
49164
49224
48752
49088
48592
48668
49052
48728
49104
48852
49220
48784
48708
48964
48884
48576
48872
49204
48884
48852
48580
48928
48828
48940
49040
48608
49336
48196
48628
49024
48980
48560
48832
48936
49144
48944
48616
49400
48952
48768
48944
48808
48892
48628
57168
49172
48888
48552
49088
48792
49396
48664
49008
49048
49188
48892
49036
48920
48744
48640
49132
48380
49224
48796
49300
49168
48936
49180
48876
48936
48640
48984
48676
49380
48652
48736
48728
48916
49168
48476
48776
48932
49028
48940
48852
48696
48820
48800
49008
49028
48568
49056
48724
48496
48796
56956
48936
48596
48876
49196
49036
48880
48928
49372
48812
48692
48864
48584
49160
48700
48944
49108
48792
48660
49252
48660
49364
48600
48984
48940
49304
49028
48840
48784
48736
48964
48684
48868
48820
48840
49376
49036
49324
48756
49180
48504
48760
49048
48768
49084
48332
49128
48816
48624
48948
55600
48692
49168
49272
48916
48740
48612
48940
48880
48888
49040
48612
49368
48104
48608
48964
49004
48532
48656
48908
49076
48896
48736
49356
49080
48796
48828
48864
48980
48744
48996
49004
48832
48748
48928
48860
49104
48860
48852
49100
49036
49016
48948
48976
48848
48628
49104
48556
48980
48844
49196
57744
49052
49144
48960
48852
48832
48868
48828
49260
48712
48576
48836
49016
49076
48492
48828
48868
48888
49012
48852
48828
48740
48912
48772
49236
48508
48976
48948
48500
48680
48872
49036
48436
48880
49056
49132
48848
48688
49492
48876
48732
48872
48608
49092
48868
48940
49212
48808
48516
49444
48456
56348
48680
48892
48992
49224
49140
48928
48840
48748
49016
48756
48648
49064
48772
49452
49116
49260
48768
49092
48540
48932
48896
48756
49112
48384
49152
48644
48784
48988
48556
48596
49132
49228
48888
48792
48628
48836
48924
48936
48984
48620
49276
48376
48680
48908
48784
48700
48732
49004
49052
55948
48804
49364
49128
48904
48788
48876
48796
48912
48804
48984
48872
48672
49060
48980
49060
48864
48860
49048
48924
49072
48844
48964
48948
48624
49128
48572
48988
48820
49016
49280
48976
49168
48912
48956
48696
49028
48628
49224
48888
48528
48940
48988
48928
48476
48956
48700
48864
49164
48860
48892
55780
48888
48756
49060
48688
48960
49160
48384
48716
48960
48968
48456
48884
49068
49148
48812
48676
49416
48920
48676
49040
48704
49016
48656
49032
49208
48716
48600
49360
48668
49348
48792
48916
48908
49100
49116
48884
48840
48768
48976
48808
48584
49104
48684
49564
49016
49012
48932
49084
48640
48944
55876
48708
49244
48440
48996
48656
48764
48892
48804
48556
48960
49236
48852
48836
48640
48848
48972
48876
49028
48604
49340
48308
48580
48876
48728
48900
48672
48948
48936
49136
48712
49220
49124
48788
48748
48888
48764
48968
48764
49056
48784
48784
48968
49088
48876
49028
48928
48996
48932
49088
55848
49044
48964
48756
49136
48652
48876
48908
48984
49240
48984
49168
48932
48848
48784
48968
48596
49148
48912
48504
48996
48928
48816
48640
48780
48744
48960
49056
48784
48852
48748
48916
48680
49112
48780
48792
49308
48176
48668
49092
49076
48424
48860
49100
49028
48876
48604
49380
49004
48728
49052
55944
48860
48844
49008
49284
48608
48876
49084
48756
49360
48748
48780
49104
49024
49144
49072
48820
48684
48880
49080
48432
49152
48812
49408
49120
49116
48944
49116
48600
48800
48888
48772
49248
48472
48948
48684
48804
48980
48620
48628
48952
49248
48784
48804
48828
48800
49028
48688
49128
48628
56164
48500
48444
48992
48756
49084
48532
48968
48972
49104
48632
49140
49200
48840
48800
48836
48716
49068
48708
49176
48664
48960
48764
49308
48800
48952
48964
48992
48936
49184
48940
48808
49000
48680
49080
48716
48844
48860
48940
49288
49036
49236
48812
49040
48596
49104
48692
49064
49032
48332
49012
55840
48940
48660
48892
48684
48920
49020
48840
48824
48752
48936
48712
49156
48744
48712
49348
48176
48692
49008
49000
48560
48816
48944
49108
48812
48760
49356
48972
48668
49072
48672
49048
48800
49080
49176
48516
48852
49016
48792
49464
48620
48912
48968
49068
49024
49196
48744
48760
48784
49128
48408
58248
48884
49388
48996
49156
49024
48936
48836
48868
48816
48696
49268
48544
48844
48732
48808
49036
48544
48772
48852
49348
48692
48880
48584
48916
48864
48880
49084
48536
49424
48416
48556
48872
48872
48908
48444
49036
49080
49004
48592
49388
49244
48948
48840
48652
48740
49040
48800
49076
48812
57184
48852
49164
48860
49088
48776
49052
48900
49120
48976
48880
48984
48612
49064
48580
48856
48944
48904
49332
49056
49296
48720
48968
48520
49004
48908
48896
49072
48320
49168
48696
48840
48952
48788
48584
48856
49068
48944
48740
48800
48888
48668
49052
48904
48752
49216
48236
48596
49060
48884
48608
56132
49032
49076
48948
48632
49340
49084
48656
48916
48740
48964
48852
49136
49100
48708
48692
49116
48728
49504
48544
48968
49000
49156
48972
49104
48872
48656
48836
49132
48300
49256
48784
49340
49000
49100
49200
48892
48760
48768
48908
48716
49316
48588
48752
48796
48728
49172
48476
48872
48740
56296
48936
48872
48728
48840
48748
48920
48988
48652
49232
48468
48736
48576
48940
48936
48376
49052
49136
48788
48852
49116
49212
48844
48816
48680
48704
49156
48604
49036
48980
48832
48640
49232
48724
49356
48656
48972
48956
49188
48952
48836
48912
48656
49080
48580
48876
48904
48924
49192
49192
49272
55936
49036
48728
48856
49056
48760
49132
48368
49168
48768
48752
48956
48824
48532
48796
49208
48916
48752
48680
48996
48788
48892
49024
48636
49388
48148
48588
49020
48912
48528
48816
49036
49088
48924
48628
49264
49024
48764
48872
48760
48964
48668
49020
49156
48704
48568
49116
48808
49424
48580
55856
49064
49228
48928
49048
48964
48680
48752
49104
48284
49232
48700
49368
49220
49000
49176
48780
48944
48692
48940
48724
49388
48644
48648
48860
48852
49132
48556
48752
48956
49076
48820
48940
48604
48868
48844
48920
49024
48592
49160
48604
48560
48716
48852
49048
48548
48936
49140
48844
48924
48896
56496
48800
48788
48724
48632
49236
48592
49080
49072
48792
48656
49172
48692
49348
48584
48940
49008
49216
49008
48912
48756
48712
49112
48560
48904
48816
48904
49248
49052
49348
48760
49168
48540
48620
49084
48740
49160
48336
49164
48736
48704
48912
48732
48584
49012
49188
48892
48764
48680
48908
48848
55988
48936
48724
49352
48280
48640
49008
48968
48500
48796
48860
49164
48916
48652
49408
49036
48748
48892
48820
48964
48628
49104
49020
48784
48676
48984
48776
49160
48844
48924
49132
49056
48960
49052
48916
48724
48752
49104
48484
49000
48844
49284
49180
48896
49200
49000
48840
48704
48908
48760
57644
48888
48608
48836
49060
49032
48588
48856
48756
49032
48980
48812
48840
48704
48864
48952
49140
48568
48936
48868
48608
48668
48868
49040
48536
48824
49084
49084
48832
48796
49456
48852
48716
48904
48632
49092
48736
49012
49112
48740
48584
49408
48584
49368
48624
48916
48964
49296
49076
48932
48864
55720
48944
48708
48776
48852
48892
49480
49068
49212
48796
49172
48524
48884
48980
48816
49088
48404
49136
48808
48548
49028
48592
48568
49128
49168
49000
48784
48620
48844
48808
48996
49020
48608
49328
48296
48616
48984
48888
48668
48680
48968
49124
48912
48672
49328
49144
48868
48724
48920
48832
55812
49040
49016
48836
48732
48992
49024
49156
48896
48892
49032
48952
49128
48860
48976
48956
48568
49016
48524
49100
48768
49088
49264
48984
49176
48964
48848
48764
48912
48760
49164
48816
48572
48904
49064
48888
48504
48884
48840
48884
49168
48760
48856
48844
48856
48712
49120
48584
48948
48948
48512
55580
48980
49052
48452
48792
49112
49088
48864
48716
49408
48868
48696
49028
48612
49076
48688
49024
49228
48820
48540
49340
48528
49404
48736
48904
48884
49144
49116
48804
48844
48756
48968
48784
48660
49052
48688
49536
49064
49108
48936
49104
48612
48948
48872
48648
49204
48396
49076
48656
48776
48860
55796
48496
49000
49332
48872
48960
48588
48884
48972
48872
48936
48584
49244
48420
48580
48884
48868
48756
48756
49000
48884
49068
48668
49320
49120
48860
48660
48956
48780
48936
48812
48968
48868
48784
48968
49072
49008
48988
48824
49004
48976
49012
48952
48960
48932
48644
49116
48536
48964
48872
55912
49372
49140
49096
49012
48900
48880
48864
48576
49200
49008
48480
49008
48980
48920
48532
48848
48796
48840
49108
48852
48828
48776
48912
48676
49024
48644
48812
49324
48240
48728
49016
49044
48364
48916
49120
49084
48912
48560
49360
48852
48700
49084
48712
48960
48868
48936
49200
48720
48596
49264
57028
49360
48744
48908
48976
49056
49140
48996
48860
48728
48908
48948
48492
49232
49044
49436
49084
49144
48968
49064
48600
48900
48880
48636
49280
48428
49028
48688
48816
48856
48720
48624
48932
49160
48864
48780
48812
48912
48792
48848
49100
48536
49380
48360
48504
48936
48736
48960
48624
48916
58276
49240
48628
49284
49172
48784
48848
48772
48780
49004
48756
49152
48620
48860
48768
49284
48860
48928
48980
49020
48872
49128
48928
48908
48972
48696
49060
48628
48828
48876
49068
49288
48920
49260
48860
48912
48772
48980
48640
49104
49040
48380
49000
48936
48820
48700
48892
48672
48908
49040
48780
56020
48768
48888
48680
49256
48712
48784
49244
48160
48744
49000
49128
48360
48984
48944
49024
48940
48620
49232
48992
48708
49036
48652
48944
48828
49096
49156
48528
48828
49180
48800
49356
48660
48936
48920
49040
49132
49212
48764
48696
48820
49140
48252
49224
48900
49396
49100
49052
49040
48960
55640
48924
48868
48696
49272
48596
48860
48788
48828
49080
48608
48676
48908
49256
48764
48824
48652
48992
48880
48748
49108
48656
49388
48448
48476
48928
48796
48988
48488
48992
49068
49016
48640
49168
49248
48884
48736
48720
48728
49056
48728
49068
48808
48856
48812
49240
48896
48948
48908
48968
48976
57916
48932
48872
48960
48700
49076
48700
48860
48872
48916
49312
49080
49228
48844
48984
48552
49024
48772
49076
49020
48300
49192
48764
48916
48860
48760
48572
48872
49020
48932
48720
48836
48924
48652
49096
48836
48812
49216
48252
48580
49036
48988
48688
48868
49008
49124
48844
48644
49312
49008
48612
56880
48708
48924
48976
49072
49132
48724
48744
49084
48732
49524
48580
48928
48904
49204
48996
49120
48780
48744
48824
49096
48328
49284
48756
49344
48956
49168
49120
48896
48844
48796
48856
48716
49284
48560
48788
48732
48804
49140
48508
48836
48804
49316
48696
48968
48616
48872
48792
48976
49096
55512
49424
48424
48672
48840
48872
49016
48408
49012
49108
48852
48784
49080
49204
48892
48788
48676
48676
49096
48728
49008
48884
48852
48688
49204
48692
49360
48660
48984
48932
49144
49008
48864
48924
48704
49160
48576
48932
48932
48868
49304
49156
49368
48576
49000
48660
48848
49020
48712
49140
48348
55636
48716
48804
48956
48900
48532
48820
49200
48924
48776
48644
49108
48564
49012
48964
48700
49204
48216
48588
48980
48920
48612
48760
49056
49092
48924
48600
49316
49040
48740
48880
48744
49088
48624
49096
49096
48700
48688
49064
48760
49416
48548
48992
48952
49172
49004
49076
48936
48632
48812
56068
48428
49196
48688
49496
49036
49188
49224
48788
48820
48688
48884
48748
49372
48640
48720
48804
48780
49200
48572
48784
48820
49244
48816
48912
48672
48856
48796
48948
49120
48576
49164
48544
48528
48652
48988
48972
48420
48952
49192
48800
48800
49084
49232
48864
48832
48668
48676
49140
48708
48964
56104
48892
48636
49268
48676
49408
48680
48956
48948
49284
48844
48936
48856
48688
49148
48516
48940
48860
48908
49288
49116
49316
48780
49100
48596
48664
49044
48760
49136
48336
49204
48808
48660
48896
48820
48568
48920
49252
48920
48840
48604
48936
48780
48948
49040
48616
49304
48260
48588
49060
48972
55668
48800
48948
49180
48968
48644
49392
48956
48764
48940
48792
48888
48700
49068
49064
48840
48592
49044
48812
49272
48728
48896
49140
49116
48864
49048
48856
48704
48716
49112
48432
49148
48844
49316
49112
48972
49152
48892
48976
48632
49000
48676
49396
48676
48616
48836
48924
49108
48592
48748
55796
49264
48924
48856
48744
48776
48836
49028
49036
48620
49000
48712
48496
48772
48828
49000
48560
48812
49196
48984
48828
48924
49424
48792
48624
48908
48596
49176
48708
48972
49140
48820
48620
49220
48688
49316
48620
48876
49008
49288
49092
48888
48772
48728
48972
48664
48848
48808
48832
49348
49056
56356
48816
49200
48504
48748
49060
48828
49052
48360
49104
48820
48640
48940
48692
48576
49116
49228
48916
48676
48656
48912
48880
48916
49024
48584
49360
48244
48524
48948
49048
48556
48688
48896
49108
48880
48736
49348
49096
48784
48800
48864
48956
48756
48976
49048
48852
48684
48960
48936
49100
48876
56388
49092
49012
49100
48904
48948
48908
48600
49120
48504
48968
48796
49264
49176
49024
49224
48968
48828
48804
48808
48824
49184
48756
48580
48840
49028
49036
48436
48836
48824
48860
49072
48860
48784
48760
48916
48804
49200
48524
49284
48904
48560
48720
48928
49100
48432
48840
49096
49084
48824
57368
49400
48928
48720
48952
48672
49072
48772
48928
49184
48856
48508
49432
48516
49356
48596
48940
48948
49116
49112
48928
48820
48768
48968
48800
48612
49032
48672
49416
49192
49200
48824
49160
48552
48928
48880
48724
49148
48368
49176
48592
48832
48888
48552
48520
49136
49252
48900
48824
48576
55996
49160
48868
48996
48660
49224
48404
48668
48936
48776
48744
48740
48888
49048
48964
48708
49364
49032
48896
48768
48888
48784
48924
48812
49048
48876
48768
49012
49016
49020
48924
48832
49052
48932
49136
48932
48972
48908
48640
49088
48568
48924
48832
49092
49256
49008
49140
48908
48896
48780
48944
55576
49312
49016
48508
48972
49036
48960
48464
48812
48760
48828
49168
48812
48816
48864
48848
48684
49100
48612
48912
49104
48352
48648
49000
48992
48388
48860
48984
49136
48844
48696
49356
48876
48740
49044
48672
48976
48756
48956
49264
48692
48552
49344
48680
49352
48764
48940
48920
49084
49112
48948
55912
48780
48940
48928
48604
49116
48676
49572
49064
49088
48868
49140
48636
48944
48864
48684
49216
48460
49000
48676
48772
48848
48780
48548
48972
49224
48800
48860
48668
48844
48944
48828
48980
48648
49272
48388
48576
48864
48764
48964
48640
48936
48944
49068
48700
49224
49088
48844
48704
48904
55712
49104
48888
49104
48760
48844
48972
49108
48824
49008
48880
48976
48952
49116
48924
48940
49012
48620
49084
48628
48924
48832
49004
49296
48996
49200
48932
48872
48696
48992
48556
49148
48976
48480
49000
48956
48756
48700
48788
48736
48956
49040
48788
48832
48764
48904
48652
49108
48720
48788
49280
55192
48656
49112
49092
48480
48892
49056
49076
48908
48564
49368
49076
48644
48984
48780
48896
48852
48960
49248
48620
48828
49056
48796
49336
48744
48784
49112
48984
49124
49132
48796
48676
48856
49116
48412
49144
48796
49380
49132
49012
48960
49116
48556
48800
48936
48720
49232
48532
48844
48724
48856
55916
48612
48676
48912
49260
48868
48872
48712
48856
48980
48580
49168
48668
49316
48428
48468
48912
48768
49008
48508
48956
49012
49116
48616
49128
49232
48860
48788
48792
48784
49072
48720
49144
48700
48892
48848
49276
48876
48904
48976
48992
48924
49116
48944
48800
48996
48636
49076
48708
48864
55872
49104
49344
48988
49348
48812
49096
48580
49100
48716
49044
49020
48348
49020
48916
48804
48744
48820
48636
48912
49016
48884
48752
48840
48872
48732
49144
48680
48788
49292
48164
48736
49000
48984
48552
48880
49032
49132
48804
48764
49364
48980
48664
49048
48628
49044
48844
49040
49156
48612
48864
56032
48856
49476
48608
48984
48984
49120
49004
49232
48724
48788
48792
49108
48296
49272
48808
49388
49012
49132
49032
48952
48760
48872
48816
48692
49256
48564
48836
48768
48816
49092
48528
48768
48844
49412
48684
48928
48660
48896
48856
48892
49092
48532
49416
48404
48608
48864
48856
48892
48444
55980
49196
48952
48628
49184
49240
48892
48868
48604
48764
49100
48724
49120
48876
48808
48796
49112
48812
49080
48812
49020
48956
49040
48972
48896
48956
48588
49068
48644
48840
48996
48812
49328
49060
49296
48696
49032
48548
49008
48880
48900
49080
48336
49120
48756
48800
48944
48760
48616
48808
49124
55920
48860
48716
49004
48624
49104
48876
48744
49244
48192
48644
49044
48892
48596
48832
49068
49072
48936
48592
49292
49080
48668
48932
48736
48992
48772
49132
49068
48676
48716
49084
48772
49556
48524
48968
49000
49152
49008
49140
48868
48628
48840
49132
48308
49232
48796
49396
48932
49096
49236
48836
55944
48748
48896
48820
49304
48700
48816
48784
48732
49244
48444
48844
48816
49200
48812
48916
48672
48820
48732
48992
48944
48616
49328
48448
48688
48664
48880
48988
48408
48992
49116
48824
48856
49032
49240
48792
48908
48660
48716
49068
48668
49024
49072
48828
48656
49212
48736
49284
48640
49016
55920
49256
48964
48780
48964
48584
49156
48572
48904
48896
48916
49144
49252
49288
48672
49084
48680
48748
48972
48756
49180
48316
49136
48844
48720
48912
48892
48520
48812
49276
48804
48808
48664
48996
48844
48892
49028
48604
49380
48172
48600
49020
48928
48476
48864
49012
49076
48992
48556
49272
49024
55808
48956
48764
49020
48708
49044
49148
48780
48516
49164
48720
49412
48648
48928
49384
49252
48904
49052
48920
48716
48716
49100
48320
49244
48724
49376
49196
48996
49152
48812
48972
48696
48952
48700
49384
48632
48648
48892
48808
49168
48556
48680
48968
49080
48752
48900
48696
48836
48900
56236
49180
48636
49096
48640
48608
48708
48840
49020
48576
48896
49180
48868
48936
48940
49400
48744
48808
48756
48640
49164
48588
49080
49024
48760
48692
49132
48696
49328
48568
48968
49016
49224
48952
48916
48720
48764
49100
48604
48852
48804
48880
49340
48992
49396
48788
49144
48560
48620
49088
48736
57940
48416
49156
48708
48776
48944
48744
48604
49084
49204
48844
48840
48708
48912
48836
48988
48992
48652
49288
48200
48648
48960
49028
48580
48784
48868
49104
48904
48652
49412
49068
48728
48856
48848
49032
48596
49028
49076
48788
48748
48984
48760
49196
48808
48960
49148
49028
48968
49028
48944
48788
57692
49124
48436
49048
48928
49252
49204
49008
49176
48992
48868
48692
48920
48744
49268
48772
48572
48824
48928
49088
48452
48784
48828
49052
48944
48832
48736
48776
48872
48824
49172
48612
48932
48916
48576
48728
48804
48992
48524
48804
49072
49088
48876
48712
49476
48800
48732
48880
48644
49084
55696
49084
49140
48748
48604
49380
48508
49336
48652
48912
48928
49216
49140
48860
48820
48712
49060
48728
48748
48940
48804
49460
49080
49168
48828
49140
48572
48864
48948
48832
49064
48456
49172
48696
48600
49032
48596
48576
49096
49188
48964
48808
48640
48780
48856
48996
49012
48604
49312
48252
48672
55960
48908
48672
48628
48984
49164
48880
48744
49332
49164
48824
48756
48880
48784
48968
48828
48968
48812
48704
49048
49004
49112
48956
48804
49072
48972
49148
48812
48972
48996
48624
49044
48492
49100
48812
49120
49260
49004
49172
48956
48880
48688
48988
48688
49244
48860
48560
48964
49008
48924
48444
49168
48772
48860
49180
48752
48872
48832
48864
48716
49132
48620
49000
49004
48492
48624
48992
49028
48404
48800
49096
49044
48896
48744
49344
48888
48752
49064
48628
49108
48676
48956
49200
48792
48580
49324
48608
49376
48772
48876
48936
49116
49160
48872
48784
48764
48940
48828
48636
49060
48636
56496
49092
49068
48948
49092
48692
48940
48868
48644
49236
48392
49056
48624
48788
48880
48660
48568
49044
49320
48880
48844
48628
48936
48892
48924
48996
48588
49228
48364
48604
48884
48820
48808
48732
49004
48860
49160
48648
49312
49100
48776
48680
48980
48684
48944
48808
49016
48904
48796
48960
49000
55912
48976
48824
49060
48936
49068
48976
48972
48948
48660
49080
48584
48908
48908
48968
49264
49040
49140
48956
48908
48828
48832
48604
49212
48936
48508
49012
48972
48888
48588
48792
48736
48876
49116
48828
48844
48704
48924
48644
49120
48664
48804
49272
48256
48708
49020
49036
48404
48868
49076
55988
49084
48604
49344
48908
48820
49040
48776
48964
48836
48944
49216
48716
48612
49236
48664
49432
48756
48800
49060
49032
49168
49028
48808
48708
48884
48988
48452
49244
48720
49424
49056
49092
48952
49076
48600
48900
48924
48664
49252
48440
48952
48688
48768
48972
48756
48580
48920
49220
48792
48868
55744
48880
48924
48788
49112
48612
49428
48292
48524
48956
48760
48984
48668
48964
48932
49084
48616
49256
49176
48840
48808
48804
48756
49032
48808
49096
48592
48920
48768
49320
48736
48940
48952
49044
48912
49100
49000
48872
48980
48640
48988
48756
48900
48864
49024
49256
48984
49328
48808
48960
48752
56028
48648
49112
49052
48476
49032
48932
48812
48632
48948
48652
48940
48980
48824
48872
48724
48964
48700
49140
48740
48712
49300
48136
48744
48968
49144
48416
48936
48904
49048
48924
48676
49252
49024
48684
49040
48692
48960
48812
49092
49164
48548
48836
49176
48800
49388
48636
48848
48932
49096
55952
49296
48784
48736
48888
49088
48308
49276
48828
49432
49144
49068
49064
48928
48736
48824
48852
48684
49264
48560
48844
48780
48784
49100
48600
48696
48900
49320
48716
48820
48652
48940
48940
48732
49152
48568
49420
48452
48452
48928
48896
48912
48492
48924
49100
48940
48732
49136
49220
48900
48736
57492
48748
49096
48884
49044
48820
48804
48836
49152
48896
48984
48888
48972
49004
49108
48912
48888
48972
48644
49128
48716
48868
48856
48940
49272
49072
49252
48792
49056
48580
49004
48796
48984
49072
48292
49120
48724
48860
48944
49212
48552
48928
49008
48928
48820
48832
48896
48712
49112
48904
56584
49320
48224
48548
49052
48968
48552
48900
49000
49160
48908
48568
49320
49016
48628
48992
48700
48932
48896
49080
49176
48640
48704
49068
48776
49524
48532
48948
48968
49176
49028
49080
48820
48692
48868
49112
48348
49236
48776
49352
48972
49120
49136
48920
48832
48812
48836
48764
49252
48592
48764
55952
48832
49116
48600
48820
48792
49352
48676
48968
48652
48864
48716
48956
49088
48596
49308
48464
48652
48756
48904
48968
48444
49040
49080
48864
48784
49064
49216
48864
48828
48696
48644
49072
48748
49000
48916
48844
48692
49160
48752
49288
48684
49044
48952
49172
48976
48896
48880
48636
49164
55436
49064
48916
48884
49360
49140
49344
48672
49016
48648
48832
49020
48744
49156
48396
49136
48784
48772
48940
48836
48504
48896
49184
48956
48748
48644
49092
48600
48996
48944
48712
49216
48224
48592
48972
48928
48608
48752
49048
49144
48852
48580
49320
49044
48764
48876
48720
49044
48672
49044
49108
55712
48756
49084
48764
49492
48584
49008
49004
49160
48960
49116
48900
48664
48800
49236
48244
49240
48684
49416
49072
49104
49184
48788
48900
48740
48912
48744
49368
48624
48712
48824
48768
49184
48488
48828
48840
49176
48756
48880
48640
48852
48792
48912
49136
48552
49200
48540
48512
48624
48976
48972
55540
48996
49176
48880
48896
49036
49300
48852
48804
48696
48680
49116
48560
49076
49148
48760
48700
49264
48684
49308
48620
48984
48924
49264
48872
48940
48752
48756
49172
48508
48924
48856
48908
49288
49132
49344
48764
49124
48592
48612
49040
48772
49148
48376
49264
48740
48652
48944
48792
48552
55824
49312
48944
48832
48612
48888
48836
48976
49020
48668
49300
48152
48600
49000
49028
48492
48804
48920
49128
48956
48640
49400
49028
48688
48964
48808
48864
48640
49080
49000
48880
48576
49028
48864
49216
48772
48896
49156
49172
48916
49012
48912
48680
48680
49112
48484
49052
48860
49264
49136
49012
56264
48932
48936
48636
49016
48720
49392
48712
48604
48844
48944
49060
48532
48792
48916
49028
48964
48744
48764
48804
48796
49004
49012
48600
49016
48744
48500
48756
48852
48928
48536
48848
49216
49020
48816
48864
49460
48780
48648
48936
48572
49208
48708
48944
49120
48856
48664
49228
48656
49356
54880
49220
49056
49336
49144
48816
48872
48736
49004
48692
48852
48812
48796
49412
49028
49268
48824
49136
48552
48772
48996
48812
49040
48352
49200
48852
48636
48904
48660
48652
49168
49224
48940
48732
48624
48972
48860
48940
49024
48584
49288
48300
48568
48928
49012
48568
48696
48900
49140
48900
48704
56332
49164
48756
48812
48892
49008
48780
48928
49064
48812
48700
48932
48932
49120
48940
48872
49160
48944
49080
48916
48948
48988
48540
49136
48516
48972
48812
49196
49156
49100
49052
48964
48856
48748
48744
48884
49204
48772
48540
48872
49044
48996
48448
48848
48844
48864
49080
48812
48792
48828
48852
55940
49224
48524
49044
48936
48544
48680
48876
49080
48436
48832
49096
49084
48796
48800
49356
48908
48720
48904
48652
49052
48732
48964
49172
48792
48512
49412
48516
49368
48664
48912
48956
49120
49092
48928
48736
48816
48944
48752
48616
49056
48688
49452
49156
49164
48808
49156
48556
48956
48880
55648
49272
48416
49124
48664
48892
49012
48672
48512
49084
49288
48872
48832
48580
48868
48960
48860
48980
48720
49232
48444
48620
48916
48824
48716
48744
48972
48980
49064
48548
49408
49032
48864
48752
48864
48772
48976
48756
49032
48836
48788
49028
48976
49064
48944
48764
49024
48968
49092
48916
49008
55888
48740
49112
48604
48904
48824
49076
49232
49024
49120
48964
48876
48852
48940
48572
49172
49008
48452
48972
49052
48912
48528
48768
48828
48780
49168
48844
48828
48820
48872
48724
49064
48652
48864
49176
48292
48636
49032
48996
48428
48896
49044
49088
48808
48680
49356
48844
48716
49036
48672
49020
55900
49024
49296
48696
48608
49368
48640
49368
48684
48868
49004
49072
49144
48932
48856
48824
48904
48908
48592
49128
48680
49540
48980
49104
48928
49140
48600
48908
48880
48676
49312
48424
49004
48692
48772
48908
48756
48548
49044
49200
48824
48840
48684
48904
48876
48832
49000
48600
49356
48328
58028
49072
48696
48960
48692
48948
48876
49096
48716
49216
49080
48812
48792
48832
49052
48980
48864
49100
48700
48896
48948
49136
48800
49044
48880
49000
48916
49120
48864
48972
48956
48592
49132
48616
48936
48820
49060
49276
49036
49184
48896
48868
48792
48992
48560
49152
49032
48404
48968
48936
58012
48820
48888
48712
48964
49104
48760
48824
48788
48864
48676
49136
48736
48700
49352
48152
48628
49036
49092
48464
48892
49000
49104
48852
48636
49344
48988
48688
48984
48752
48944
48864
49016
49216
48604
48856
49084
48744
49372
48728
48844
48972
48992
49184
49096
48808
48640
48880
49116
48388
49200
58140
49380
49068
49136
48984
49096
48588
48836
48908
48708
49232
48640
48832
48684
48888
48980
48596
48648
48864
49268
48788
48836
48668
48916
48960
48656
49148
48624
49348
48372
48420
49040
48732
49028
48524
48936
48984
49092
48636
49092
49264
48840
48744
48800
48740
49120
48716
49104
48712
48780
48868
59180
48916
48920
49028
48948
49068
49088
48932
48900
48940
48628
49104
48704
48896
48820
48916
49420
48944
49248
48772
49128
48524
49104
48744
49060
48968
48376
49072
48864
48824
48768
48812
48612
48900
49044
48936
48772
48824
48888
48712
49116
48700
48816
49232
48252
48608
49020
48984
48544
48900
58672
49208
48824
48712
49348
48972
48696
49076
48652
48956
48852
49072
49148
48596
48796
49088
48760
49520
48572
48944
48920
49184
49012
49180
48768
48756
48840
49112
48320
49304
48720
49396
49040
49124
49072
48992
48720
48860
48816
48708
49272
48588
48832
48772
48804
49120
48516
48792
48868
49332
48676
57460
48628
48904
48900
48968
49104
48536
49364
48512
48584
48888
48888
48820
48512
48996
49144
48956
48684
49208
49180
48900
48772
48696
48672
49156
48672
49116
48872
48820
48764
49196
48784
49176
48820
49020
48908
49096
48948
48880
48976
48588
49084
48644
48872
49000
48876
49300
49092
49320
48644
57668
48712
48884
48936
48904
49132
48312
49152
48660
48804
48984
48692
48584
48836
49172
48892
48752
48752
48992
48648
49024
48932
48716
49260
48164
48648
49064
48896
48588
48832
48996
49100
48928
48580
49344
49088
48644
48920
48736
49036
48692
49148
49088
48656
48720
49036
48776
49492
48436
48976
49024
58632
49000
49104
48888
48636
48836
49104
48300
49300
48704
49432
48912
49144
49268
48852
48808
48688
48876
48824
49252
48712
48792
48696
48700
49236
48488
48844
48740
49256
48784
48888
48696
48844
48724
48940
49028
48648
49260
48508
48564
48680
48908
48976
48476
48980
49128
48748
48840
49056
49248
57076
49136
48612
48708
49128
48684
49068
49064
48824
48668
49228
48652
49344
48700
48972
48936
49188
48972
48844
48932
48568
49156
48508
48932
48920
48888
49252
49220
49292
48712
49048
48608
48708
48992
48780
49168
48376
49128
48848
48700
48908
48836
48504
48836
49300
48828
48832
48596
48984
48804
48876
57296
