2240
2760
2480
2620
2440
2605
2375
2640
2470
2495
2545
2390
2605
2365
2575
2440
2610
2510
2470
2585
2390
2615
2365
2630
2430
2155
2175
2145
2180
2190
2170
2225
2165
2185
2200
2185
2140
2165
2165
2135
2145
2175
2175
2190
2160
2145
2145
2215
2255
2155
2180
2170
2160
2150
2155
2155
2155
2160
2150
2145
2195
2145
2155
2200
2160
2165
2160
2125
2155
2155
2135
2165
2145
2160
2155
2150
2145
2160
2160
2210
2180
2225
2150
2160
2140
2150
2155
2155
2130
2165
2140
2150
2135
2170
2160
2190
2165
2170
2170
2160
2160
2170
2160
2155
2140
2160
2145
2135
2155
2115
2135
2230
2145
2150
2145
2170
2170
2185
2150
2175
2130
2135
2180
2165
2190
2150
2170
2200
2180
2160
2135
2150
2135
2160
2185
2175
2140
2145
2140
2155
2170
2170
2165
2200
2175
2150
2255
2160
2155
2140
2155
2145
2140
2160
2170
2145
2150
2155
2170
2205
2165
2145
2180
2245
2170
2150
2140
2165
2165
2145
2155
2150
2165
2150
2145
2200
2190
2130
2175
2200
2170
2160
2150
2190
2140
2150
2135
2130
2170
2160
2145
2225
2140
2155
2175
2160
2140
2145
2160
2165
2150
2200
2175
2150
2180
2170
2170
2200
2155
2130
2170
2165
2155
2135
2170
2170
2170
2145
2155
2185
2165
2170
2170
2205
2180
2155
2170
2135
2145
2165
2135
2145
2160
2130
2155
2160
2155
2185
2135
2205
2140
2150
2160
2140
2205
2215
2135
2155
2145
2180
2165
2150
2135
2130
2160
2220
2160
2145
2175
2160
2165
2150
2160
2135
2165
2190
2160
2155
2155
2160
2180
2190
2160
2150
2135
2175
2155
2170
2140
2165
2175
2160
2180
2155
2150
2170
2165
2215
2170
2165
2150
2160
2140
2150
2145
2145
2170
2165
2150
2155
2175
2155
2160
2215
2185
2130
2145
2175
2170
2150
2145
2160
2155
2160
2135
2165
2165
2135
2140
2210
2160
2160
2165
2145
2140
2160
2175
2250
2125
2165
2180
2160
2150
2155
2155
2200
2170
2205
2165
2145
2225
18830
2360
2660
2450
2560
2590
2385
2560
2390
2600
2350
2565
2515
2410
2600
2380
2585
2385
2595
2445
2525
2590
2395
2630
2395
2580
2425
2630
2495
2465
2195
2150
2120
2175
2135
2160
2150
2140
2185
2150
2145
2175
2230
2155
2160
2170
2155
2145
2155
2170
2140
2170
2160
2150
2135
2165
2150
2175
2145
2145
2145
2145
2175
2140
2155
2170
2150
2165
2220
2160
2145
2160
2175
2190
2215
2155
2135
2160
2180
2155
2130
2165
2165
2175
2150
2150
2155
2175
2150
2135
2170
2150
2130
2170
2175
2170
2150
2150
2160
2155
2165
2160
2200
2180
2150
2185
2135
2180
2175
2170
2170
2150
2130
2155
2175
2155
2135
2165
2165
2195
2170
2160
2215
2165
2145
2150
2160
2140
2145
2175
2170
2170
2145
2145
2155
2140
2155
2175
2195
2155
2145
2165
2150
2160
2165
2150
2175
2175
2155
2145
2210
2150
2135
2155
2215
2170
2125
2145
2145
2150
2150
2170
2165
2160
2140
2150
2165
2145
2150
2165
2205
2170
2170
2145
2150
2175
2165
2155
2125
2155
2170
2140
2170
2145
2175
2140
2190
2130
2190
2155
2185
2135
2170
2240
2155
2165
2140
2175
2145
2145
2160
2170
2225
2150
2165
2165
2170
2150
2165
2170
2180
2170
2175
2175
2165
2140
2170
2155
2200
2160
2150
2160
2150
2140
2150
2145
2185
2165
2150
2140
2165
2170
2200
2170
2140
2160
2200
2165
2130
2175
2190
2160
2160
2155
2170
2155
2165
2150
2165
2180
2225
2140
2160
2155
2160
2130
2150
2180
2180
2140
2160
2160
2175
2185
2160
2150
2205
2155
2145
2175
2195
2155
2150
2145
2170
2155
2165
2180
2155
2140
2155
2170
2190
2180
2185
2185
2145
2140
2165
2165
2175
2145
2185
2185
2145
2170
2170
2205
2210
2160
2170
2175
2165
2175
2140
2145
2150
2135
2170
2165
2165
2145
2155
2160
2260
2145
2140
2165
2180
2155
2155
2155
2225
2145
2155
2170
2165
2140
2160
2195
2240
2175
2135
2145
2150
2170
2150
2145
2160
2145
2170
2145
2160
2170
2170
2145
2205
2140
2145
2150
2160
2155
2150
2165
2185
2130
2150
2185
2160
2160
2135
2155
2230
2150
2165
2165
2180
2160
2165
2155
2130
2160
2165
2150
2155
2150
2155
2190
2230
2180
2160
2175
2150
2140
2165
2180
2185
2160
2150
2165
2165
2150
2165
2150
2195
2165
2215
2175
2155
2150
2150
2165
2175
2145
2150
2165
2180
2170
2170
2150
2220
2170
2145
2145
2205
2150
2190
2155
2155
2155
2140
2160
2170
2130
2145
2150
2160
2170
2180
2165
2190
2170
2135
2160
2190
2160
2180
2150
2145
2235
2165
2150
2190
2150
2145
2175
2175
2160
2175
2145
2175
2190
2170
2155
2170
2190
2145
2135
12895
2570
2505
2440
2620
2370
2595
2375
2595
2475
2505
2590
2355
2590
2385
2580
2420
2650
2495
2420
2810
2375
2595
2395
2645
2430
2540
2610
2395
2590
2365
2640
2410
2595
2495
2485
2600
2420
2610
2365
2640
2390
2145
2180
2140
2180
2150
2155
2180
2185
2175
2155
2180
2170
2140
2160
2175
2145
2185
2175
2170
2140
2155
2160
2195
2180
2125
2155
2140
2150
2170
2170
2195
2180
2170
2140
2150
2170
2150
2175
2215
2165
2175
2180
2185
2150
2160
2155
2170
2135
2135
2170
2165
2175
2130
2170
2225
2145
2170
2160
2130
2155
2260
2135
2145
2170
2185
2145
2180
2185
2140
2170
2205
2170
2150
2140
2155
2180
2175
2135
2145
2170
2165
2145
2145
2185
2150
2165
2220
2170
2160
2155
2160
2220
2165
2140
2195
2145
2160
2160
2160
2145
2170
2150
2200
2180
2160
2145
2180
2170
2145
2145
2155
2170
2170
2160
2150
2145
2170
2165
2210
2185
2185
2155
2135
2145
2150
2160
2160
2140
2155
2165
2155
2145
2155
2170
2135
2160
2180
2160
2155
2150
2145
2165
2185
2150
2140
2150
2175
2140
2170
2145
2200
2175
2150
2155
2160
2135
2175
2175
2170
2135
2160
2155
2135
2155
2185
2165
2210
2165
2135
2170
2165
2185
2160
2140
2140
2155
2175
2130
2145
2195
2170
2190
2180
2160
2190
2150
2155
2140
2220
2150
2155
2175
2165
2140
2180
2165
2185
2160
2210
2170
2130
2160
2160
2155
2195
2180
2175
2165
2145
2130
2155
2185
2150
2175
2235
2165
2155
2140
2175
2165
2170
2155
2125
2215
2150
2155
2170
2130
2165
2155
2195
2165
2140
2180
2160
2165
2150
2160
2145
2185
2165
2150
2150
2140
2160
2170
2220
2185
2165
2165
2135
2155
2125
2150
2155
2165
2145
2140
2180
2180
2160
2160
2225
2155
2135
2170
2160
2160
2150
2165
2175
2165
2135
2160
2170
2160
2175
2170
2200
2170
2145
2140
2175
2170
2140
2145
2185
2145
2145
2160
2155
2160
2160
2145
2145
2170
2155
2170
2180
2160
2125
2170
2145
2140
2170
2195
2150
2175
2180
2170
2210
2135
2125
2215
2155
2160
2160
2145
2150
2135
2130
2185
2180
2165
2140
2145
2210
2140
2175
2160
2170
2145
2165
2160
2170
2190
2150
2160
2150
2165
2175
2150
2200
2205
2170
2135
2155
2180
2165
2185
2165
2175
2175
2135
2170
2185
2170
2190
2195
2140
2165
2165
2150
2145
2160
2170
2135
2140
2190
2180
2170
2170
2140
2155
2210
2165
2155
2185
2175
2150
2165
2150
2155
2175
2180
2155
2130
2180
2145
2145
2220
2155
2160
2130
2135
2155
2140
2150
2175
2145
2180
2165
2170
2185
2165
2140
2160
2170
2175
2145
2160
2170
2240
2145
2165
2170
2175
2145
2145
2155
14770
2625
2425
2670
2545
2470
2575
2395
2625
2355
2625
2435
2490
2580
2420
2570
2355
2575
2385
2615
2530
2400
2590
2370
2590
2345
2185
2165
2170
2130
2220
2160
2145
2160
2230
2145
2155
2155
2160
2135
2135
2185
2160
2175
2130
2160
2155
2185
2155
2225
2165
2180
2140
2165
2165
2140
2145
2155
2175
2165
2190
2135
2155
2160
2150
2155
2210
2155
2145
2165
2135
2155
2185
2155
2175
2170
2145
2140
2165
2180
2160
2175
2135
2175
2170
2165
2135
2175
2150
2165
2195
2160
2185
2155
2145
2170
2180
2160
2220
2165
2135
2170
2140
2165
2165
2220
2165
2165
2140
2155
2175
2150
2195
2160
2200
2170
2150
2130
2155
2130
2175
2165
2165
2170
2140
2175
2155
2140
2155
2155
2195
2250
2135
2140
2160
2140
2145
2145
2145
2150
2170
2160
2175
2135
2165
2160
2135
2165
2180
2150
2155
2155
2135
2160
2165
2135
2165
2170
2145
2155
2140
2180
2210
2145
2125
2170
2185
2160
2140
2160
2140
2155
2170
2150
2160
2165
2160
2140
2220
2160
2160
2160
2150
2180
2190
2160
2160
2145
2160
2175
2160
2195
2180
2195
2180
2170
2180
2180
2165
2215
2155
2150
2170
2140
2150
2195
2165
2155
2160
2185
2165
2180
2175
2220
2165
2170
2155
2170
2175
2135
2165
2160
2150
2125
2165
2160
2145
2155
2170
2170
2160
2145
2140
2170
2155
2140
2165
2135
2170
2170
2135
2155
2195
2180
2160
2165
2140
2160
2180
2150
2145
2170
2140
2140
2140
2155
2180
2160
2215
2160
2135
2160
2160
2160
2170
2185
2155
2155
2150
2165
2165
2165
2155
2160
2155
2170
2175
2145
2170
2155
2160
2160
2170
2135
2175
2175
2145
2150
2175
2150
2210
2245
2150
2135
2150
2235
2170
2170
2170
2170
2135
2155
2160
2145
2150
2170
2205
2150
2155
2125
2145
2175
2185
2175
2155
2140
2180
2155
2160
2155
2190
2140
2230
2165
2135
2155
2155
2160
2150
2185
2170
2160
2190
2180
2160
2190
2150
2205
2230
2155
2165
2170
2150
2160
2165
2145
2145
2180
2165
2155
2145
2145
2175
2155
2140
2165
2170
2205
2175
2155
2135
2165
2150
2155
2140
2145
2160
2155
2185
2130
2170
2175
2185
2170
2195
2150
2135
2725
2615
2475
2540
2600
2370
2590
2405
2680
2375
2595
2480
2430
2580
2370
2595
2435
2555
2460
2460
2590
2340
2610
2370
2415
2195
2165
2180
2185
2130
2190
2130
2185
2170
2140
2155
2175
2175
2190
2155
2180
2230
2170
2165
2165
2180
2160
2150
2155
2175
2175
2175
2180
2155
2150
2155
2180
2215
2170
2160
2185
2195
2180
2165
2150
2140
2160
2180
2150
2135
2180
2165
2165
2200
2180
2165
2160
2150
2170
2155
2185
2170
2235
2160
2135
2145
2170
2165
2135
2135
2180
2190
2165
2185
2155
2155
2140
2185
2135
2160
2170
2150
2240
2165
2160
2225
2170
2155
2160
2150
2170
2160
2150
2140
2155
2140
2155
2160
2150
2175
2145
2165
2150
2155
2160
2140
2160
2170
2155
2135
2130
2165
2150
2165
2160
2165
2150
2225
2155
2135
2155
2135
2180
2170
2155
2175
2145
2150
2135
2165
2175
2150
2150
2205
2145
2160
2140
2155
2145
2150
2165
2135
2160
2175
2200
2160
2130
2170
2185
2195
2160
2165
2150
2165
2150
2160
2160
2180
2160
2150
2160
2165
2165
2165
2150
2175
2155
2160
2160
2145
2140
2145
2145
2135
2155
2140
2165
2140
2145
2155
2165
2220
2165
2140
2185
2150
2160
2135
2170
2170
2145
2145
2145
2130
2150
2165
2155
2150
2140
2175
2155
2155
2160
2145
2185
2165
2175
2150
2165
2160
2165
2150
2140
2210
2150
2180
2170
2155
2150
2165
2170
2155
2145
2140
2165
2175
2215
2170
2165
2215
2170
2150
2140
2150
2180
2165
2150
2145
2165
2160
2140
2160
2165
2165
2150
2175
2145
2165
2160
2170
2150
2165
2170
2155
2120
2160
2140
2140
2170
2160
2175
2150
2150
2165
2180
2170
2150
2150
2180
2155
2140
2160
2160
2165
2135
2160
2170
2215
2245
2155
2165
2170
2140
2175
2145
2155
2190
2165
2155
2180
2175
2165
2170
2210
2150
2140
2150
2175
2170
2160
2140
2160
2140
2150
2170
2165
2170
2165
2185
2195
2160
2155
2140
2170
2165
2145
2160
2175
2145
2180
2120
2155
2135
2170
2165
2200
2150
2140
2165
2155
2155
2135
2140
2140
2155
2155
2145
2150
2180
2165
2155
2195
2170
2145
2170
2150
2170
2160
2150
2145
2160
2170
2170
2155
2145
2165
2180
2130
2160
2150
2150
2165
2160
2175
2150
2165
2150
2150
2160
2165
2185
2165
2160
2200
2140
2145
2175
2195
2160
2160
2140
2150
2145
2150
2190
2150
2170
2160
2145
2185
2180
2170
2170
2145
2155
2145
2140
2145
2140
2165
2145
2170
2160
2150
2140
2250
2150
2135
2155
2160
2130
2165
2180
2135
2135
2160
2135
2140
2185
2145
2155
2205
2185
2145
2155
2145
2155
2145
2165
2145
2165
2170
2140
2135
2185
2170
2170
2130
2155
2170
2175
2155
2165
2155
2170
2170
2170
2170
2175
2155
2165
2140
2200
2195
2165
2145
2160
2140
2140
2170
2135
2155
2155
2150
2165
2160
2140
2150
2195
2210
2140
2175
2135
2165
2165
2145
2230
2125
2145
2145
2135
2155
2140
2155
2190
2200
2140
2190
2155
2165
2140
2165
2165
2180
2130
2150
2155
2140
2160
2145
2150
2210
2175
2155
2140
2165
2185
2155
2175
2180
2140
2150
2145
2145
2165
2145
2155
2180
2185
2140
2140
2175
2160
2150
2190
2145
2150
2180
2135
2150
2165
2150
2145
2220
2185
2155
2150
2145
2140
2170
2150
2145
2150
2145
2165
2160
2175
2155
16535
2440
2625
31780
2290
2595
2275
2480
2220
2475
2305
2390
2470
2270
2505
2240
2445
2300
2500
2365
2295
2535
2235
2495
2250
2070
2030
2050
2035
2050
2045
2025
2055
2095
2045
2050
2020
2035
2040
2040
2035
2015
2040
2060
2030
2045
2035
2030
2025
2060
2020
2035
2055
2020
2045
2035
2045
2050
2020
2045
2055
2030
2040
2020
2030
2075
2040
2035
2035
2040
2035
2030
2035
2035
2015
2025
2055
2030
2040
2035
2035
2040
2015
2035
2050
2035
2025
2105
2050
2055
2020
2050
2035
2025
2025
2040
2035
2040
2050
2035
2030
2045
2030
2030
2105
2045
2025
2040
2045
2030
2020
2025
2060
2080
2050
2040
2035
2050
2025
2035
2040
2030
2040
2030
2025
2025
2030
2050
2025
2095
2045
2025
2060
2045
2035
2055
2050
2035
2055
2035
2040
2040
2035
2035
2040
2090
2040
2035
2055
2020
2025
2060
2045
2060
2040
2030
2055
2015
2055
2015
2065
2040
2035
2040
2010
2025
2055
2030
2030
2130
2015
2050
2045
2020
2045
2030
2040
2035
2045
2060
2040
2060
2050
2025
2030
2025
2045
2040
2060
2055
2055
2040
2020
2070
2055
2035
2050
2060
2025
2045
2025
2025
2085
2045
2035
2025
2035
2040
2025
2110
2055
2055
2055
2040
2040
2020
2030
2020
2040
2045
2065
2025
2065
2050
2050
2045
2025
2040
2050
2035
2050
2035
2020
2025
2035
2030
2035
2040
2055
2020
2060
2045
2040
2040
2015
2030
2005
2020
2055
2020
2045
2615
2485
2305
2535
2300
2440
2315
2475
2420
2305
2495
2255
2490
2240
2465
2280
2425
2450
2285
2460
2250
2455
2310
2485
2070
2025
2040
2015
2030
2025
2065
2035
2025
2105
2040
2050
2020
2035
2100
2035
2065
2040
2040
2035
2020
2035
2045
2025
2025
2050
2045
2030
2050
2090
2085
2035
2050
2045
2040
2030
2050
2040
2045
2025
2050
2040
2030
2045
2030
2030
2075
2055
2020
2030
2040
2040
2045
2015
2035
2015
2040
2025
2125
2070
2035
2030
2075
2035
2015
2035
2015
2045
2035
2040
2030
2020
2025
2055
2040
2045
2025
2035
2045
2055
2035
2040
2015
2045
2045
2030
2090
2025
2045
2035
2030
2040
2035
2050
2075
2020
2030
2030
2055
2040
2025
2035
2040
2040
2040
2050
2045
2060
2105
2045
2035
2060
2040
2030
2025
2035
2040
2035
2050
2050
2045
2025
2045
2060
2040
2040
2035
2035
2020
2040
2050
2020
2035
2035
2035
2045
2050
2055
2025
2045
2085
2050
2085
2020
2045
2030
2040
2045
2010
2040
2040
2055
2030
2045
2035
2030
2035
2045
2080
2055
2040
2045
2025
2040
2025
2040
2040
2040
2035
2035
2030
2045
2035
2020
2035
2050
2025
2035
2035
2035
2040
2040
2080
2035
2050
2030
2035
2050
2025
2030
2065
2035
2035
2025
2055
2060
2045
2060
2060
2045
2050
2040
2030
2095
2035
2035
2100
2040
2025
2040
2050
2040
2015
2025
2070
2025
2050
2085
2040
2055
2040
2040
2115
2040
2020
2030
2050
2030
2035
2035
2020
2025
2040
2045
2030
2020
2020
2045
2090
2040
2025
2025
2045
2035
2035
2015
2060
2025
2035
2035
2025
2050
2030
2025
2080
2030
2060
2025
2040
2020
2035
2040
2045
2085
2040
2050
2055
2065
2015
2030
2095
2070
2055
2025
2035
2030
2025
2035
2030
2055
2045
2035
2050
2030
2035
2050
2085
2045
2055
2030
2025
2040
2025
2040
2050
2010
2025
2110
2030
2035
2035
2030
2055
2030
2065
2040
2075
2025
2050
2035
2025
2015
2050
2035
2025
2065
2050
2035
2080
2070
2025
2035
2035
2040
2050
2050
2020
2025
2050
2060
2045
2035
2040
2025
2015
2035
2015
2030
2060
2055
2025
2040
2035
2020
2035
2060
2025
2030
2025
2030
2030
2035
2025
2045
2050
2040
2055
2040
2050
2055
2010
2035
2035
2075
2035
2070
2080
2050
2040
2045
2035
2030
2030
2045
2030
2030
2045
2045
2050
2050
2045
2040
2095
2040
2025
2045
2060
2035
2020
2115
2040
2030
2015
2040
2035
2035
2030
2040
2075
2020
2045
2025
2045
2010
2040
2035
2040
2040
2045
2070
2025
2040
2035
2040
2085
2035
2030
2025
2050
2040
2055
2040
2055
2030
2065
2045
2050
2050
2045
2050
2045
2050
2045
2020
2035
2030
2055
2030
2055
2035
2045
2045
2020
2030
2045
2060
2080
2045
2010
2035
2065
2055
2025
2050
2040
2020
2055
2035
2040
2055
2035
2035
2080
2045
2040
2025
2030
2030
2090
2040
2025
2035
2060
2055
2060
2030
2025
2045
2035
2035
2025
2020
2050
2035
2040
2015
2040
2045
2030
2035
2020
2040
2020
2035
2095
2055
2040
2035
2090
2025
2045
2030
2040
2030
2060
2040
2025
2040
2040
2075
2025
2040
2030
2055
2045
2060
2025
2035
2040
2035
2055
2040
2045
2045
2020
2015
2095
2040
2060
2015
2045
2020
2035
2045
2050
2045
2035
2040
2035
2040
2025
2030
2080
2055
2030
2030
2040
2055
2005
2055
2090
2030
2040
2030
2040
2025
2030
2030
2025
2045
2020
2035
2035
2015
2045
2040
2060
2035
2030
2080
2025
2050
2040
2035
2095
2065
2040
2020
2045
2025
2070
2015
2050
2020
2045
2030
2040
2055
2045
2030
2100
2080
2045
2035
2035
2040
2055
2035
2020
2045
2040
2060
2030
2040
2070
2060
2080
2090
2050
2040
2035
2035
2035
2035
2050
2045
2015
2040
2020
2065
2045
2050
2095
2065
2015
2045
2040
2040
2050
2035
2030
2090
2035
2045
2030
2040
2050
2050
2020
2030
2020
2050
2035
2030
2035
2040
2045
2030
2035
2045
2040
2070
2045
2050
2025
2020
2035
2030
2045
2040
2040
2045
2045
2030
2035
2025
2035
2060
2030
2030
2100
2040
2050
2045
2015
2050
2040
2045
2045
2020
2040
2035
2055
2040
2045
2030
2025
2030
2020
2030
2055
2020
2050
2015
2035
2020
2040
2035
2045
2040
2015
2045
2075
2050
2045
2040
2060
2035
2035
2035
2030
2010
2025
13270
2275
2440
2265
2480
2325
2495
2385
2305
2485
2245
2445
2255
2480
2275
2380
2505
2230
2495
2240
2450
2220
2460
2380
2315
2470
2260
2480
2255
2080
2045
2030
2030
2030
2050
2040
2040
2095
2030
2030
2000
2035
2055
2020
2060
2045
2035
2050
2045
2025
2050
2035
2035
2085
2055
2020
2045
2015
2035
2040
2030
2050
2020
2045
2035
2035
2060
2025
2040
2075
2035
2040
2025
2040
2025
2045
2020
2055
2025
2040
2040
2045
2615
2325
2495
2245
2500
2390
2315
2470
2275
2495
2230
2475
2325
2385
2435
2235
2545
2295
2495
2290
2485
2395
2335
2485
2270
2465
2270
2440
2315
2415
2290
2020
2050
2035
2045
2030
2030
2050
2025
2045
2045
2095
2020
2040
2025
2045
2060
2030
2015
2035
2040
2085
2020
2045
2040
2025
2050
2020
2050
2040
2030
2035
2030
2055
2055
2035
2045
2080
2045
2020
2025
2035
2040
2035
2040
2035
2050
2040
2035
2040
2035
2045
2095
2085
2040
2040
2070
2020
2040
2020
2035
2025
2035
2055
2030
2030
2015
2025
2040
2100
2040
2030
2050
2040
2035
2030
2040
2045
2040
2055
2040
2030
2040
2050
2040
2080
2040
2035
2050
2035
2035
2025
2035
2040
2035
2045
2025
2040
2030
2060
2020
2045
2030
2050
2070
2015
2040
2035
2040
2085
2035
2040
2075
2060
2040
2060
2050
2080
2040
2020
2055
2050
2045
2040
2030
2045
2045
2025
2030
2030
2035
2050
2040
2070
2100
2025
2040
2015
2030
2030
2035
2025
2030
2030
2035
2040
2055
2030
2040
2090
2030
2035
2030
2025
2025
2050
2035
2035
2020
2025
2020
2035
2045
2015
2045
2085
2065
2020
2045
2040
2025
2045
2035
2025
2045
2045
2020
2045
2040
2035
2030
2075
2050
2030
2030
2080
2020
2020
2035
2035
2050
2040
2025
2025
2045
2035
2035
2045
2055
2030
2045
2040
2045
2090
2035
2055
2020
2040
2040
2020
2035
2035
2030
2030
2045
2020
2080
2045
2020
2040
2060
2030
2035
2050
2035
2035
2045
2035
2025
2100
2020
2040
2040
2020
2030
2065
2045
2035
2025
2040
2035
2040
2030
2035
2060
2085
2050
2015
2035
2045
2030
2045
2030
2050
2040
2045
2075
2020
2060
2025
2050
2090
2060
2040
2045
2065
2025
2040
2030
2035
2045
2030
2045
2040
2030
2050
2065
2050
2070
2035
2040
2055
2025
2065
2025
2025
2035
2040
2045
2035
2040
2040
2035
2080
2060
2030
2030
2005
2105
2035
2040
2040
2040
2045
2085
2030
2045
2040
2040
2080
2030
2055
2050
2035
2035
2050
2025
2045
2060
2035
2040
2025
2030
2035
2035
2040
2045
2030
2055
2035
2035
2035
2040
2040
2040
2040
2045
2045
2050
2030
2010
2095
2045
2050
2040
2040
2030
2025
2040
2050
2030
2040
2040
2030
2045
2020
2035
2075
2065
2060
2030
2030
2030
2025
2055
2035
2025
2020
2030
2035
2030
2025
2045
2030
2040
2040
2050
2035
2025
2035
2115
2045
2020
2040
2050
2025
2025
2030
2035
2045
2025
2040
2045
2035
2020
2055
2030
2030
2030
2040
2045
2045
2035
2025
2030
2040
2060
2045
2040
2030
2040
2030
2040
2090
2035
2045
2030
2020
2045
2055
2055
2105
2055
2055
2045
2055
2050
2045
2040
2040
2055
2030
2045
2030
2040
2030
2045
2100
2040
2040
2060
2060
2030
2045
2045
2015
2055
2045
2050
2035
2035
2050
2040
2060
2050
2045
2045
2045
2025
2025
2020
2025
2125
2045
2025
2045
2045
2035
2015
2075
2055
2045
2045
2045
2045
2025
2040
2035
2040
2045
2050
2050
2030
2030
2040
2105
2045
2025
2020
2035
2025
2050
2035
2040
2035
2045
2040
2030
2025
2035
2030
2090
2050
2060
2040
2045
2075
2050
2065
2035
2060
2050
2055
2060
2045
2020
2035
2095
2045
2025
2030
2035
2060
2030
2035
2045
2035
2030
2050
2035
2030
2020
2035
2050
2050
2035
2055
2025
2025
2035
2045
2025
2030
2030
2120
2045
2050
2050
2050
2090
2025
2020
2015
2045
2025
2045
2030
2020
2035
2025
2040
2015
2035
2020
2045
2060
2035
2040
2040
2065
2045
2035
2055
2055
2030
2045
2045
2025
2045
2045
2035
2080
2025
2035
2060
2025
2035
2045
2045
2050
2035
2035
2060
2045
2055
2065
2040
2110
2040
2070
2030
2045
2050
2035
2055
2035
2030
2035
2095
2045
2030
2025
2045
2095
2040
2055
2060
2010
2045
2045
2050
2045
2070
2020
2025
2010
2120
2045
2020
2075
2045
2035
2015
2045
2030
2035
2050
2040
2025
2035
2040
2040
2050
2040
2035
2065
2035
2030
2050
2020
2035
2050
2045
2030
2040
2050
2030
2040
2055
2030
2040
2090
2050
2020
2025
2030
2025
2045
2025
2020
2030
2030
2035
2045
2045
2030
2040
2105
2045
2025
2040
2065
2035
2030
2025
2030
2065
2015
2015
2025
2050
2030
2045
2030
2030
2020
2035
2050
2040
2025
2035
2045
2030
2050
2065
2025
2080
2045
2075
2095
2030
2055
2045
2050
2035
2030
2040
2040
2035
2020
2030
2020
2045
2060
2025
2105
2050
2055
2060
2015
2045
2030
2005
2060
2020
2035
2020
2040
2055
2050
2025
2025
2050
2035
2035
2040
2045
2025
2040
2030
2070
2040
2020
2050
2045
2045
2040
2075
2055
2020
2040
2030
2045
2055
2040
2030
2030
2030
2035
2045
2030
2025
2035
2090
2045
2025
2015
2040
2025
2065
2060
2040
2030
2050
2045
2045
2090
2035
2020
2580
2580
2415
2355
2490
2235
2470
2235
2480
2330
2360
2445
2280
2470
2245
2455
2320
2500
2380
2295
2460
2240
2460
2260
2480
2310
2370
2490
2255
2085
2015
2045
2100
2015
2120
2040
2060
2040
2045
2050
2040
2040
2025
2030
2035
2055
2060
2060
2095
2050
2050
2045
2060
2065
2035
2035
2050
2030
2035
2025
2035
2065
2040
2070
2075
2045
2045
2025
2030
2045
2025
2040
2030
2035
2045
2050
2035
2050
2025
2065
2105
2025
2145
2025
2030
2035
2035
2035
2025
2025
2035
2015
2050
2030
2035
2545
2270
2470
2425
2305
2505
2240
2480
2255
2470
2300
2365
2465
2295
2445
2235
2450
2235
2475
2375
2320
2480
2275
2285
2040
2020
2030
2050
2045
2035
2050
2050
2030
2105
2060
2035
2030
2035
2030
2030
2055
2045
2025
2045
2025
2030
2045
2040
2025
2120
2030
2035
2035
2045
2045
2045
2040
2025
2045
2025
2040
2035
2040
2045
2035
2030
2035
2030
2020
2140
2030
2040
2035
2030
2030
2030
2030
2035
2025
2035
2025
2085
2035
2025
2015
2040
2030
2035
2030
2035
2045
2045
2025
2010
2035
2035
2040
2085
2040
2065
2045
2045
2015
2090
2045
2035
2035
2070
2030
2050
2040
2035
2040
2065
2015
2040
2045
2045
2030
2035
2045
2035
2045
2050
2045
2035
2040
2030
2030
2045
2040
2035
2030
2040
2035
2050
2035
2025
2040
2030
2060
2025
2035
2045
2030
2080
2020
2040
2050
2020
2030
2090
2055
2015
2030
2035
2045
2025
2035
2030
2025
2075
2040
2020
2045
2050
2040
2035
2010
2035
2035
2040
2035
2030
2035
2015
2060
2080
2045
2020
2055
2055
2040
2030
2045
2035
2040
2025
2030
2030
2030
2030
2045
2075
2050
2035
2040
2060
2035
2080
2025
2040
2060
2025
2055
2040
2035
2045
2055
2080
2045
2030
2040
2040
2050
2060
2015
2050
2040
2035
2030
2035
2045
2015
2050
2085
2045
2040
2025
2050
2045
2030
2025
2125
2015
2045
2040
2045
2040
2050
2055
2080
2060
2035
2030
2040
2030
2025
2030
2025
2025
2055
2035
2050
2035
2035
2050
2070
2055
2035
2045
2050
2020
2030
2030
2030
2030
2035
2055
2060
2025
2060
2040
2095
2075
2035
2045
2035
2045
2035
2050
2025
2065
2045
2055
2030
2010
2045
2050
2045
2035
2030
2045
2085
2055
2040
2035
2055
2030
2040
2045
2030
2040
2030
2065
2060
2040
2030
2020
2025
2035
2045
2065
2015
2045
2130
2055
2040
2035
2045
2030
2090
2055
2035
2030
2065
2025
2045
2070
2020
2035
2045
2035
2040
2055
2040
2050
2065
2035
2045
2040
2055
2040
2055
2025
2060
2035
2025
2040
2040
2070
2015
2030
2095
2045
2055
2040
2060
2045
2035
2030
2045
2035
2030
2065
2030
2060
2035
2060
2075
2040
2035
2030
2040
2020
2050
2055
2040
2030
2050
2035
2040
2045
2035
2045
2040
2065
2090
2030
2045
2045
2045
2030
2045
2035
2040
2035
2095
2050
2030
2040
2100
2045
2030
2020
2035
2040
2060
2045
2040
2030
2040
2040
2060
2040
2035
2045
2030
2040
2045
2050
2050
2045
2025
2055
2045
2040
2040
2060
2040
2040
2030
2035
2040
2020
2055
2015
2045
2055
2035
2035
2035
2050
2045
2045
2050
2025
2025
2050
2085
2045
2025
2015
2010
2015
2025
2015
2045
2025
2045
2025
2045
2030
2045
2015
2065
2070
2035
2040
2030
2035
2050
2035
2050
2035
2040
2040
2015
2025
2095
2055
2095
2040
2030
2010
2050
2040
2020
2025
2020
2035
2060
2030
2045
2100
2015
2055
2025
2055
2050
2040
2040
2050
2035
2030
2025
2040
2035
2035
2045
2035
2025
2025
2085
2045
2030
2025
2060
2035
2065
2050
2015
2035
2025
2040
2040
2025
2025
2025
2085
2060
2045
2035
2045
2035
2045
2050
2065
2015
2040
2055
2040
2055
2050
2035
2090
2035
2025
2040
2040
2050
2035
2025
2060
2010
2045
2070
2040
2050
2015
2040
2115
2030
2035
2035
2055
2035
2020
2035
2035
2020
2050
2030
2025
2035
2035
2025
2100
2015
2035
2045
2035
2030
2050
2030
2025
2045
2050
2035
2010
2055
2050
2035
2080
2055
2045
2035
2015
2020
2030
2045
2040
2055
2020
2070
2025
2065
2035
2045
2045
2025
2050
2025
2045
2045
2040
2040
2040
2050
2035
2015
2045
2050
2060
2030
2095
2040
2025
2045
2030
2045
2030
2035
2035
2025
2025
2045
2035
2030
2035
2055
2080
2045
2095
2055
2025
2040
2060
2040
2015
2020
2030
2065
2035
2025
2025
2015
2070
2045
2045
2040
2050
2045
2055
2045
2030
2050
2050
2045
2030
2070
2030
2055
2075
2020
2050
2020
2035
2035
2050
2040
2040
2025
2075
2050
2015
2040
2030
2055
2070
2040
2025
2030
2050
2045
2035
2035
2040
2055
2035
2045
2040
2055
2040
2045
2095
2025
2060
2045
2065
2040
2040
2020
2045
2045
2025
2045
2055
2045
2030
2030
2090
2045
2100
2015
2600
2280
2460
2260
2490
2300
2395
2475
2285
2470
2260
2480
2245
2450
2365
2325
2495
2245
2470
2235
2465
2305
2365
2460
2270
2485
2225
2480
2245
2435
2075
2010
2025
2055
2035
2050
2055
2060
2040
2025
2030
2020
2030
2035
2075
2080
2035
2020
2030
2040
2055
2060
2035
2030
2025
2050
2030
2040
2060
2035
2095
2035
2040
2045
2050
2040
2045
2035
2030
2020
2055
2035
2025
2030
2035
2040
2090
2025
2040
2025
2040
2025
2105
2035
2030
2020
2045
2025
2060
2030
2030
2035
2105
2040
2030
2030
2045
2030
2040
2035
2045
2015
2090
2040
2050
2030
2045
2040
2085
2035
2035
2035
2045
2025
2015
2030
2045
2030
2030
2025
2035
2045
2040
2045
2085
2040
2040
2045
2020
2040
2025
2055
2045
2045
2035
2040
2040
2055
2030
2040
2065
2040
2045
2035
2020
2030
2035
2025
2035
2020
2045
2030
2025
2045
2040
2035
2075
2055
2025
2030
2060
2045
2040
2035
2080
2035
2030
2025
2045
2055
2030
2035
2020
2040
2035
2035
2045
2050
2045
2040
2025
2020
2055
2055
2045
2045
2020
2045
2090
2050
2015
2020
2035
2060
2045
2015
2030
2025
2060
2050
2035
2050
2040
2040
2070
2040
2025
2040
2065
2055
2040
2040
2030
2055
2065
2030
2040
2040
2070
2050
2015
2025
2025
2025
2070
2025
2020
2030
2060
2045
2050
2055
2030
2030
2040
2045
2100
2025
2035
2045
2040
2040
2045
2035
2035
2080
2030
2045
2040
2030
2035
2045
2075
2035
2025
2045
2040
2030
2045
2035
2065
2030
2045
2030
2040
2050
2040
2035
2075
2050
2040
2045
2035
2025
2020
2020
2040
2020
2035
2025
16630
2450
2275
2500
2265
2470
2415
2300
2475
2250
2460
2235
2470
2295
2395
2430
2285
2465
2240
2460
2290
2470
2390
2330
2480
2100
2055
2035
2040
2020
2055
2025
2010
2045
2045
2050
2030
2035
2030
2020
2065
2035
2040
2025
2050
2025
2015
2135
2010
2040
2010
2040
2040
2035
2030
2040
2025
2035
2020
2020
2030
2030
2040
2045
2025
2030
2040
2040
2025
2045
2030
2020
2035
2015
2040
2045
2040
2040
2040
2045
2030
2030
2030
2050
2090
2055
2020
2020
2065
2035
2020
2035
2065
2030
2040
2045
2030
2060
2040
2045
2085
2025
2040
2035
2040
2035
2030
2025
2045
2030
2055
2050
2020
2040
2005
2040
2100
2035
2035
2020
2040
2040
2040
2040
2060
2065
2035
2020
2030
2135
1985
2030
2085
2050
2035
2025
2030
2020
2035
2040
2065
2025
2015
2040
2020
2050
2050
2025
2045
2050
2025
2030
2040
2050
2035
2040
2050
2030
2030
2040
2025
2030
2035
2045
2020
2025
2015
2025
2030
2045
2025
2030
2035
2030
2045
2045
2045
2030
2075
2055
2090
2030
2025
2035
2035
2045
2010
2045
2050
2025
2065
2035
2020
2045
2025
2030
2090
2020
2015
2040
2030
2015
2025
2030
2020
2025
2030
2045
2040
2015
2035
2135
2070
2030
2040
2040
2045
2040
2025
2090
2060
2030
2030
2040
2010
2035
2020
2055
2090
2035
2045
2040
2045
2030
2015
2050
2050
2010
2050
2035
2035
2040
2055
2025
2075
2045
2040
2010
2035
2045
2035
2025
2055
2035
2020
2020
2040
2040
2050
2030
2095
2040
2045
2050
2030
2045
2025
2030
2055
2045
2045
2045
2050
2030
2065
2045
2045
2040
2055
2035
2035
2035
2040
2035
2015
2045
2030
2060
2030
2065
2045
2040
2025
2110
2000
2055
2035
2040
2045
2040
2045
2040
2040
2040
2050
2030
2055
2030
2090
2045
2025
2020
2050
2050
2055
2030
2010
2035
2025
2050
2045
2055
2050
2055
2070
2025
2045
2040
2040
2025
2015
2035
2045
2015
2045
27835
1830
1850
1840
1840
1845
1825
1840
1860
1870
1840
1845
1825
1840
1830
1825
1840
1835
1825
1825
1850
1900
1840
1835
1855
1855
1830
1845
1825
1845
1820
1855
1850
1835
1860
1830
1850
1895
1860
1830
1895
1835
1830
1835
1840
1840
1830
1825
1840
1835
1840
1845
1855
1820
1845
1835
1865
1830
1830
1835
1850
1825
1830
1830
1830
1835
1835
1825
1835
1870
1860
1835
1840
1820
1825
1830
1850
1860
1835
1835
1835
1845
1845
1840
1845
1910
1840
1840
1820
1840
1845
1875
1830
1840
1840
1840
1835
1840
1845
1890
1850
1890
1860
1850
1835
1850
1840
1840
1830
1860
1825
1845
1830
1820
1835
1835
1850
1830
1820
1845
1845
1850
1935
1835
1835
1875
1840
1855
1840
1845
1865
1835
1840
1880
1840
1845
1835
1840
1845
1840
1825
1860
1845
1825
1865
1815
1830
1830
1835
1860
1850
1840
1855
1840
1835
1850
1855
1845
1835
1835
1850
1825
1835
1860
1845
1885
1850
1840
1825
1850
1830
1850
1840
1860
1835
1840
1830
1845
1850
1845
1860
1865
1845
1860
1855
1845
1845
1845
1835
1865
1830
1860
1835
1830
1855
1875
1830
1830
1850
1870
1825
1840
1825
2375
2165
2280
2110
2200
2240
2055
2245
2060
2285
2095
2280
2155
2095
2260
2030
2275
2080
2270
2145
2165
2260
2055
2280
2045
2300
1890
1840
1840
1860
1835
1835
1840
1835
1850
1845
1845
1820
1840
1860
1830
1835
1855
1820
1835
1855
1855
1815
1835
1850
1830
1840
1835
1855
1830
1845
1825
1830
1885
1840
1845
1845
1850
1850
1845
1830
1835
1825
1840
1840
1840
1855
1855
1840
1885
1825
1845
1845
1830
1840
1835
1845
1870
1915
1830
1840
1855
1855
1840
1830
1875
1830
1840
1830
1845
1835
1830
1835
1835
1850
1845
1855
1895
1830
1825
1835
1840
1830
1835
1840
1845
1835
1850
1845
1850
1835
1860
1845
1835
1850
1825
1850
1890
1845
1845
1845
1845
1830
1840
1845
1830
1820
1840
1845
1840
1860
1855
1830
1860
1860
1835
1845
1830
1830
1850
1860
1860
1840
1860
1845
1840
1855
1830
1840
1840
1840
1840
1850
1830
1825
1855
1825
1830
1875
1850
1935
1835
1860
1830
1845
1885
1855
1845
1830
1855
1835
1850
1840
1845
1830
1835
1850
1835
1835
1825
1860
1840
1845
1840
1840
1845
1830
1835
1830
1860
1840
1845
1835
1835
1865
1840
1870
1835
1840
1840
1840
1870
1880
1835
1850
1850
1830
1830
1855
1840
1870
1830
1835
1840
1830
1850
1820
1835
1835
1840
1840
1830
1845
1850
1855
1835
1855
1845
1835
1880
1830
1840
1835
1850
1835
1835
1840
1820
1830
1830
1865
1830
1910
1830
1860
1895
1840
1845
1835
1855
1840
1840
1835
1840
1825
1830
1830
1835
1860
1830
1860
1840
1845
1840
1835
1835
1825
1840
1835
1865
1840
1840
1835
1835
1845
1835
1850
1830
1845
1825
1850
1840
1825
1855
1830
1850
1840
1830
1855
1830
1850
1825
1875
1900
1860
1845
1900
1850
1825
1840
1830
1850
1850
1840
1855
1855
1835
1825
1825
1830
1835
1840
1850
1850
1840
1840
1845
1835
1815
1845
1845
1840
1865
1830
1910
1885
1860
1825
1835
1850
1830
1855
1825
1840
1820
1830
1825
1835
1830
1840
1860
1865
1835
1845
1840
1835
1840
1845
1830
1825
1825
1850
1830
1830
1830
1840
1850
1880
1865
1845
1840
1845
1840
1845
1855
1845
1835
1855
1860
1830
1860
1825
1835
1890
1870
1835
1850
1835
1840
1855
1825
1830
1845
1830
1855
1825
1840
1910
1850
1875
1860
1835
1845
1850
1825
1825
1815
1850
1840
1825
1850
1820
1840
1830
1880
1835
1915
1825
1830
1855
1835
1855
1830
1840
1840
1855
1860
1840
1845
1835
1840
1870
1855
1835
1810
1845
1855
1830
1840
1855
1830
1835
1845
1835
1835
1825
1835
1900
1860
1830
1840
1850
1845
1830
1845
1845
1835
1840
1830
1840
1830
1840
1835
1890
1845
1845
1855
1830
1840
1840
1850
1840
1830
1840
1850
1865
1850
1845
1870
1880
1845
1830
1855
1855
1830
1840
1845
1845
1825
1855
1835
1845
1840
1840
1825
1875
1915
1915
1830
1850
1835
1850
1835
1840
1830
1835
1820
1840
1860
1830
1830
1895
1830
1855
1840
1845
1825
1850
1840
1840
1820
1850
1855
1840
1845
1855
1835
1825
1850
1845
1830
14265
2090
2255
2060
2305
2105
2175
2270
2020
2270
2025
2260
2105
2285
2175
2095
2235
2060
2275
2040
2240
2105
2175
2245
2060
1875
1835
1855
1885
1835
1835
1830
1835
1830
1870
1860
1845
1845
1845
1830
1840
1845
1850
1845
1890
1845
1830
1835
1935
1850
1845
1835
1840
1840
1835
1840
1840
1840
1835
1850
1880
1835
1840
1835
1855
1845
1850
1830
1835
1835
1835
1825
1845
1840
1835
1855
1890
1850
1830
1840
1850
1835
1800
1835
1865
1840
1830
1855
1825
1830
1840
1835
1875
1855
1835
1830
1845
1855
1840
1845
1855
1865
1845
1835
1825
1845
1845
1855
1875
1840
1840
1865
1840
1825
1840
1830
1845
1855
1840
1865
1835
1825
1830
1840
1835
1835
1845
1845
1835
1840
1905
1840
1840
1830
1855
1845
1855
1855
1840
1845
1895
1860
1845
1840
1835
1820
1840
1830
1830
1825
1855
1840
1835
1850
1840
1840
1885
1825
1840
1860
1835
1835
1845
1830
1840
1835
1850
1850
1825
1840
1825
1840
1895
1825
1840
1855
1845
1855
1845
1825
1840
1835
1845
1845
1840
1830
1835
1840
1875
1855
1840
1830
1845
1845
1835
1845
1855
1825
1845
1835
1825
1840
1825
1845
1895
1845
1845
1820
1855
1855
1830
1835
1920
1825
1890
1850
1835
1855
1825
1845
1890
1840
1830
1850
1840
1820
1835
1825
1840
1860
1835
1850
1840
1845
1825
1840
1835
1840
1845
1835
1865
1830
1830
1820
1845
1825
1845
1865
1820
1835
1835
1860
1890
1855
1845
1825
1855
1840
1845
1850
1825
1845
1845
1845
1855
1830
1830
1830
1815
1820
1840
1835
1865
1825
1855
1850
1840
1825
1840
1845
1830
1840
1835
1860
1870
1820
1835
1825
1850
1840
1830
1820
1845
2370
2265
2250
2085
2255
2060
2255
2100
2285
2200
2095
2255
2055
2250
2055
2225
2085
2205
2240
2065
2250
2055
2240
2050
2240
2205
2110
2255
2050
2240
2065
2085
1845
1860
1850
1850
1850
1830
1840
1905
1870
1835
1845
1835
1820
1840
1825
1845
1835
1855
1865
1825
1855
1840
1865
1890
1835
1845
1835
1850
1835
1850
1835
1850
1830
1830
1855
1840
1840
1830
1835
1855
1835
1840
1850
1855
1840
1830
1840
1835
1840
1845
1855
1915
1830
1825
1850
1830
1860
1845
1825
1825
1840
1915
1845
1830
1845
1860
1835
1845
1855
1825
1835
1890
1835
1840
1825
1850
1830
1825
1820
1850
1830
1840
1835
1835
1830
1835
1840
1860
1835
1835
1840
1845
1825
1820
1845
1855
1845
1830
1850
1855
1850
1835
1855
1835
1830
1830
1830
1850
1830
1830
1850
1845
1835
1855
1845
1835
1850
1855
1850
1860
1835
1845
1865
1845
1825
1845
1835
1825
1835
1845
1830
1845
1875
1905
1845
1840
1840
1810
1830
1835
1840
1835
1840
1855
1845
1830
1835
1835
1835
1855
1840
1860
1850
1865
1855
1830
1840
1855
1830
1850
1880
1835
1835
1830
1835
1825
1855
1880
1865
1820
1830
1845
1835
1840
1845
1845
1840
1855
1840
1835
1835
1835
1845
1875
1865
1840
1835
1815
1835
1825
1840
1840
1840
1850
1855
1860
1845
1830
1850
1880
1840
1850
1845
1840
1840
1855
1825
1840
1840
1860
1845
1830
1845
1855
1890
1970
1845
1830
1845
1850
1815
1840
1830
1830
1845
1835
1845
1825
1835
1820
1830
1835
1855
1840
1835
1850
1835
1845
1855
1830
1830
1845
1845
1830
1835
1835
1835
1875
1840
1845
1835
1860
1830
1850
1835
1835
1885
1830
1845
1845
1845
1825
1845
1895
1845
1865
1830
1840
1825
1830
1835
1835
1830
1835
1825
1825
1850
1850
1840
1880
1850
1855
1840
1860
1835
1845
1845
1840
1840
1830
1830
1820
1850
1825
1840
1835
1875
1925
1830
1870
1840
1850
1830
1850
1835
1835
1835
1845
1835
1835
1845
1875
1835
1840
1835
1850
1835
1865
1845
1845
1830
1840
1870
1840
1855
1855
1840
1885
1850
1840
1840
1860
1860
1860
1840
1845
1830
1855
1835
1830
1840
1850
1840
1830
1840
1840
1830
1845
1850
1860
1835
1850
1830
1850
1845
1840
1835
1845
1835
1845
1830
1840
1830
1840
1905
1840
1845
1835
1825
1825
1845
1845
1850
1830
1850
1830
1830
1830
1835
1935
1830
1840
1840
1830
1815
1830
1845
1830
1845
1840
1860
1845
1825
1835
1845
1860
1830
1840
1850
1840
1825
1835
1835
1840
1855
1835
1845
1850
1845
1830
1825
1845
1840
1845
1845
1855
1835
1865
1840
1830
1855
1835
1850
1875
1830
1850
1820
1850
1850
1830
1830
1850
1830
1850
1840
1825
1840
1845
1830
1835
1845
1850
1820
1830
1815
1845
1840
1860
1835
1835
1865
1845
1845
1835
1850
1870
1840
1830
1820
1820
1885
1910
1830
1855
1850
1830
1835
1840
1850
1845
1860
1905
1845
1850
1830
1835
1850
1845
1850
1845
1850
1840
1830
1835
1845
1830
1835
1830
1840
1840
1850
1845
1840
1840
1840
1830
1840
1850
1840
1835
1845
1845
1830
1880
1855
1850
1840
1865
1825
1835
1830
1860
1825
1850
1850
1850
1840
1820
1865
1835
1835
1840
1840
1850
1840
1825
1835
1855
1825
1835
1835
1845
1845
1835
1835
1865
1840
1830
1835
1820
1820
1830
1830
1940
1825
1840
1835
1850
1845
1830
1835
1865
1840
1840
1840
1845
1825
1825
1865
1845
1855
1835
1865
1845
1845
1840
1855
1880
1865
1850
1840
1855
1830
1850
1845
1855
1820
1840
1850
1835
1830
1845
1850
1880
1845
1840
1840
1850
1835
1890
1835
1835
1835
1865
1830
1835
1840
1840
1850
1885
1845
1865
1845
1845
1845
1840
1845
1845
1855
1825
1840
1835
1850
1830
1850
1875
1855
1855
1830
1845
1825
1845
1830
1840
1905
1830
1845
1835
1835
1835
1855
1860
1850
1860
1825
1845
1850
1830
1835
1830
1830
1835
1845
1840
1860
1840
1830
1885
1820
1835
1835
1850
1845
1840
1815
1845
1840
1850
1850
1860
1865
1840
1860
1890
1845
1845
1845
1820
1840
1840
1845
1855
1820
1835
1845
1835
1835
1840
1835
1890
1845
1850
1845
1860
1825
1850
1910
1860
1820
1830
1845
1850
1835
1840
1840
1885
1840
1830
1860
1840
1840
1835
1835
1830
1845
1830
1915
1835
1840
1850
1840
1880
1830
1850
1850
1850
1825
1840
1850
1850
1835
1850
1855
1835
1845
1845
1835
1890
1830
1840
1835
1835
1835
1855
1845
1830
1835
1850
1835
1845
1855
1850
1845
1890
1855
1850
1840
1865
1830
1830
1840
1835
1830
1830
1835
1840
1835
1840
1840
1875
1845
1840
1845
1855
1825
1845
1845
1835
1830
1850
1840
1835
1845
1850
1835
1885
1840
1855
1835
1845
1875
1865
1830
1855
1855
1835
1830
1835
2385
2070
2275
2100
2305
2185
2105
2240
2065
2275
2035
2255
2125
2180
2250
2060
2325
2050
2255
2090
2250
2170
2115
2090
1840
1845
1830
1860
1840
1855
1825
1835
1870
1815
1870
1835
1860
1830
1855
1845
1840
1855
1830
1845
1830
1835
1835
1830
1860
1845
1840
1845
1835
1820
1840
1840
1830
1835
1835
1820
1850
1855
1835
1850
1825
1820
1840
1840
1840
1845
1835
1855
1830
1830
1845
1845
1830
1840
1845
1820
1835
1825
1910
1815
1835
1835
1820
1835
1820
1845
1830
1830
1825
1840
1855
1830
1840
1825
1880
1870
1845
1840
1845
1845
1830
1840
1820
1850
1830
1830
1845
1830
1835
1830
1850
1875
1855
1840
1850
1870
1855
1835
1825
1860
1825
1835
1865
1820
1850
1845
1845
1885
1820
1845
1840
1835
1840
1850
1840
1835
1835
1850
1840
1840
1840
1865
1840
1865
1850
1850
1840
1855
1830
1860
1845
1840
1845
1830
1835
1830
1855
1835
1860
1870
1910
1845
1835
1840
1835
1830
1820
1840
1820
1840
1840
1845
1845
1825
1850
1820
1855
1845
1830
1840
1835
1845
1830
1860
1840
1845
1850
1835
1835
1835
1850
1865
1845
1880
1855
1865
1840
1845
1830
1845
1835
1850
1850
1835
1850
1845
1850
1880
1860
1845
1830
1860
1840
1835
1835
1835
1830
1830
1840
1835
1860
1830
1865
1855
1830
1830
1855
1850
1855
1850
1835
1840
1850
1840
1855
1840
1830
1825
1845
1870
1840
1825
1905
1840
1835
1830
1830
1845
1850
1835
1830
1850
1845
1855
1850
1870
1845
1820
1865
1830
1850
1840
1855
1835
1855
1865
1830
1830
1835
1830
1855
1885
1830
1835
1850
1845
1830
1840
1830
1840
1840
1840
1835
1850
1840
1825
1840
1840
1865
1915
1835
1840
1835
1825
1835
1845
1825
1845
1850
1825
1850
1845
1835
1880
1870
1855
1825
1830
1835
1850
1840
1850
1825
1855
1850
1815
1845
1830
1835
1895
1835
1830
1840
1835
1930
1835
1840
1850
1860
1825
1835
1840
1850
1830
1845
1865
1855
1830
1835
1850
1855
1840
1835
1845
1835
1835
1855
1830
1850
1860
1830
1885
1850
1855
1825
1845
1845
1850
1855
1845
1845
1835
1835
1830
1850
1840
1840
1885
1840
1845
1835
1830
1840
1825
1840
1840
1845
1840
1840
1825
1840
1830
1855
1850
1845
1840
1855
1840
1830
1850
1845
1850
1835
1840
1830
1830
1830
1830
1835
1935
1825
1860
1845
1865
1835
1840
1890
1840
1835
1855
1835
1825
1840
1830
1835
1890
1835
1845
1840
1860
1840
1845
1840
1840
1815
1825
1850
1830
1840
1835
1850
1845
1830
1850
1845
1840
1850
1835
1820
1850
1835
1865
1830
1840
1840
1840
1840
1910
1835
1830
1840
1860
1820
1835
1835
1860
1835
1820
1865
1825
1840
1830
1845
1895
1845
1840
1825
1850
1835
1840
1820
1830
1835
1855
1850
1850
1840
1830
1835
1870
1855
1835
1825
1840
1830
1840
1835
1840
1895
1820
1835
1840
1900
1835
1850
1865
1840
1835
1840
1855
1855
1830
1830
1850
1825
1845
1835
1845
1860
1820
1835
1835
1870
1845
1850
1840
1835
1840
1845
1845
1820
1855
1870
1845
1845
1835
1845
1890
1830
1850
1830
1840
1835
1865
1840
1835
1835
1845
1840
1825
1840
1825
1830
1860
1835
1835
1835
1855
1845
1840
1835
1850
1835
1835
1855
1845
1855
1825
1845
1890
1845
1830
1840
1835
1855
1820
1830
1830
1825
1840
1915
1840
1840
1830
1845
1885
1855
1825
1850
1855
1850
1840
1850
1840
1830
1830
1855
1830
1905
1830
1840
1875
1830
1835
1835
1860
1830
1845
1835
1860
1840
1845
1835
1835
1855
1830
1860
1900
1845
1850
1835
1865
1815
1845
1835
1845
1840
1845
1855
1840
1850
1835
1845
1865
1840
1835
1830
1845
1825
1855
1850
1860
1835
1835
1840
1830
1840
1835
1835
1880
1830
1840
1835
1830
1845
1835
1825
1835
1845
1825
1855
1845
1900
1830
1865
1890
1830
1835
1830
1850
1820
1855
1835
1845
1845
1835
1845
1820
1835
1840
1830
1870
1840
1835
1845
1835
1835
1845
1835
1855
1835
1820
1850
1845
1850
1840
1860
1895
1860
1840
1850
1840
1890
1845
1835
1840
1825
1860
1830
1835
1845
1845
1840
1840
1845
1830
1835
1840
1820
1840
1830
1855
1850
1845
1850
1845
1845
1845
1825
1905
1850
1835
1835
1845
1845
1840
1840
1835
1845
1850
1825
1830
1835
1835
1915
1880
1835
1845
1830
1850
1835
1835
1850
1845
1835
1840
1835
1840
1850
1840
1840
1880
1825
1835
1840
1835
1840
1830
1830
1840
1845
1835
1850
1845
1835
1840
1850
1870
1865
1840
1840
1840
1840
1830
1830
1900
1830
1825
1830
1840
1850
1825
1830
1825
1850
1825
1840
1850
1840
1840
1820
1835
1835
1840
1845
1840
1905
1825
1840
1875
1855
1840
1830
1845
1845
1845
1830
1835
1830
1840
1835
1835
1835
1840
1835
2340
2340
2210
2125
2280
2030
2245
2040
2280
2120
2145
2245
2065
2310
2030
2235
2080
2285
2165
2110
2235
2050
2275
2045
2275
2105
2180
2230
1890
1900
1825
1850
1905
1835
1880
1835
1835
1840
1845
1835
1845
1830
1855
1830
1845
1840
1840
1835
1900
1855
1825
1840
1835
1860
1830
1830
1860
1830
1835
1845
1845
1855
1835
1870
1840
1835
1870
1825
1850
1830
1835
1840
1845
1830
1850
1850
1830
1845
1830
1830
1825
1845
1900
1840
1855
1850
1860
1830
1845
1830
1855
1820
1835
1835
1830
1845
1830
1855
1850
1850
1840
1825
1865
1830
1835
1830
1835
1920
1845
1840
1850
1830
1880
1840
1840
1835
1835
1845
1840
1825
1860
1855
1825
1840
1840
1845
1845
1840
1890
1845
1850
1845
1845
1845
1845
1835
1835
1820
1840
1845
1830
1850
1845
1845
1895
1865
1835
1825
1850
1830
1850
1845
1850
1850
1845
1845
1835
1840
1820
1840
1880
1840
1830
1830
1910
1835
1850
1840
1845
1845
1855
1830
1840
1855
1835
1855
1835
1845
1840
1830
1840
1830
1845
1835
1855
1825
1830
1825
1850
1830
1825
1855
1895
1835
1835
1860
1840
1820
1860
1850
1835
1840
1860
1840
1830
1840
1820
1830
1835
1835
1850
1835
1835
1840
1845
1915
1860
1825
1835
1835
1825
1845
1840
1860
1900
1845
1825
1860
1850
1825
1840
1835
1850
1835
1825
1850
1830
1820
1860
1865
1880
1845
1865
1830
1835
1830
1925
1830
1850
1820
1840
1840
1830
1830
1840
1850
1895
1865
1835
1835
1840
1830
1855
1835
1830
1825
1850
1845
1835
1845
1825
1850
1835
1825
1830
1845
1830
1825
1835
1845
1850
1840
1855
1860
1835
1850
1835
1850
1900
1830
1840
1825
1825
13650
2245
2050
2260
2170
2190
2255
2050
2265
2025
2275
2050
2285
2185
2105
2245
2045
2260
2040
26786
1950
1984
2078
1726
1696
1670
1678
1730
1680
1658
1670
1678
1688
1680
1684
1740
1666
1674
1670
1666
1666
1666
1680
1672
1684
1688
1662
1686
1674
1674
1666
1696
1688
1676
1676
1688
1674
1666
1662
1704
1700
1684
1674
1662
1676
1672
1676
1688
1670
1688
1662
1668
1676
1680
1676
1726
1688
1684
1670
1680
1680
1670
1662
1672
1678
1674
1662
1678
1678
1654
1672
1726
1668
1680
1692
1692
1674
1670
1692
1676
1688
1684
1680
1672
1688
1682
1682
1712
1688
1658
1682
1678
1670
1670
1684
1684
1730
1742
1670
1670
1662
1680
1680
1728
1678
1682
1658
1678
1678
1700
1674
1682
1662
1692
1680
1684
1676
1688
1676
1672
1672
1662
1674
1688
1684
1672
1666
1684
1670
1658
1678
1674
1674
1670
1670
1734
1688
1672
1680
1696
1678
1692
1688
1688
1660
1676
1688
1676
1688
1692
1682
1716
1678
1680
1666
1688
1672
1684
1684
1704
1684
1688
1692
1678
1674
1674
1692
1704
1670
1666
1670
1678
1658
1672
1672
1680
1658
1678
1666
1712
1674
1666
1670
1668
1676
1684
1672
1684
1680
1688
1672
1696
1666
1684
1674
1674
1720
1674
1678
1712
1692
1670
1674
1674
1666
1692
1684
1688
1660
1696
1684
1686
1666
1662
1676
1708
1684
1676
1680
1680
1684
1680
1668
1708
1678
1670
1684
1688
1676
1672
1680
1730
1688
1670
1670
1678
1682
1670
1670
1692
1658
1704
1674
1666
1688
1678
1700
1718
1684
1658
1696
1680
1672
1688
1674
1686
1674
1670
1670
1678
1684
1738
1696
1728
1704
1680
1676
1680
1684
1688
1666
1674
1674
1678
1670
1684
1680
1666
1670
1666
1692
1688
1676
1700
1688
1684
1688
1670
1680
1674
1682
1666
1692
1746
1676
1672
1684
1680
1666
1684
1666
1670
1662
1678
1670
1674
1678
1674
1666
1674
1666
1716
1688
1686
1680
1666
1666
1674
1678
1674
1668
1684
1676
1680
1692
1658
1676
1664
1688
1680
1668
1672
1680
1676
1666
1700
1672
1680
1676
1676
1688
1680
1684
1768
1684
1668
1684
1688
1674
1674
1674
1682
1670
1678
1704
1662
1688
1686
1696
1726
1676
1662
1662
1682
1666
1682
1674
1688
1688
1688
1682
1696
1684
1676
1676
1722
1670
1696
1684
1680
1674
1704
1666
1708
1662
1680
1666
1688
1670
1640
1684
1662
1670
1674
1670
1678
1666
1674
1670
1696
1676
1676
1742
1688
1704
1672
1692
1672
1692
1666
1692
1678
1658
1658
1688
1690
1666
1688
1666
1666
1674
1666
1688
1738
1678
1716
1674
1674
1686
1666
1688
1692
1658
1680
1692
1666
1696
1670
1700
1738
1678
1662
1678
1666
1674
1682
1680
1684
1658
1688
1688
1676
1696
1682
1658
1716
1676
1680
1688
1700
1672
1684
1672
1700
1704
1672
1684
1688
1682
1666
1678
1712
1674
1674
1666
1674
1670
1670
1658
1688
1672
1672
1684
1672
1662
1684
1692
1746
1666
1670
1670
1666
1722
1676
1688
1684
1670
1682
1688
1680
1672
1676
1680
1658
1678
1662
1982
2154
1908
2116
1904
2076
1916
2012
2084
1904
2084
1874
2078
1904
2092
1962
1984
2096
1876
2096
1858
1928
1658
1674
1670
1684
1666
1662
1688
1680
1672
1684
1678
1670
1678
1704
1666
1680
1664
1700
1666
1662
1690
1688
1696
1708
1696
1692
1696
1696
1676
1684
1680
1686
1658
1674
1682
1670
1674
1666
1666
1720
1674
1684
1692
1670
1662
1682
1662
1662
1662
1658
1676
1674
1682
1662
1666
1670
1692
1660
1676
1676
1650
1728
1670
1696
1658
1688
1664
1672
1676
1666
1684
1730
1684
1736
1688
1680
1680
1684
1662
1666
1674
1682
1666
1670
1674
1662
1674
1716
1682
1662
1670
1678
1684
1666
1670
1674
1662
1670
1670
1666
1692
1658
1682
1666
1688
1680
1680
1666
1662
1674
1666
1682
1666
1666
1674
1670
1678
1670
1674
1720
1696
1650
1666
1670
1658
1676
1676
1684
1676
1680
1692
1688
1682
1670
1692
1676
1680
1676
1692
1662
1676
1696
1666
1780
1658
1676
1680
1684
1676
1680
1684
1730
1688
1670
1670
1682
1674
1692
1680
1688
1668
1680
1700
1682
1670
1670
1678
1674
1666
1670
1670
1684
1712
1674
1684
1692
1668
1670
1670
1670
1696
1684
1692
1712
1680
1668
1672
1666
1688
1680
1676
1684
1676
1684
1684
1676
1688
1666
1680
1714
1696
1658
1688
1672
1680
1676
1664
1680
1684
1684
1672
1684
1676
1684
1680
1720
1690
1674
1670
1670
1670
1670
1666
1670
1736
1666
1670
1682
1650
1668
1676
1708
1682
1666
1658
1678
1666
1690
1680
1684
1666
1688
1662
1666
1704
1672
1672
1658
1696
1680
1676
1676
1672
1684
1680
1688
1680
1672
1654
1684
1680
1684
1696
1728
1682
1670
1680
1666
1666
1678
1716
1662
1688
1674
1666
1682
1674
1684
1662
1724
1692
1662
1696
1672
1700
1686
1662
1700
1676
1676
1676
1672
1700
1676
1684
1690
1688
1658
1700
1672
1680
1676
1676
1666
1650
1696
1758
1688
1680
1666
1674
1720
1670
1666
1662
1686
1666
1674
1674
1682
1666
1692
1684
1684
1684
1674
1686
1720
1670
1674
1678
1688
1650
1678
1674
1700
1676
1676
1692
1696
1680
1680
1692
1724
1678
1662
1662
1688
1686
1658
1682
1688
1676
1680
1666
1672
1680
1680
1688
1674
1678
1670
1674
1696
1692
1680
1732
1696
1654
1692
1692
1664
1692
1664
1684
1726
1688
1688
1678
1696
1688
1688
1682
1678
1666
1678
1662
1670
1740
1670
1674
1654
1682
1658
1666
1684
1676
1662
1666
1674
1670
1674
1674
1674
1692
1680
1682
1738
1696
1680
1680
1662
1680
1676
1680
1688
1678
1692
1658
1666
1686
1674
1708
1716
1692
1666
1666
1684
1686
1684
1680
1696
1680
1680
1676
1680
1684
1678
1666
1670
1682
1674
1670
1674
1670
1680
1680
1672
1684
1662
1680
1688
1680
1646
1674
1720
1666
1666
1666
1674
1654
1684
1732
1674
1658
1666
1692
1666
1678
1696
1780
1712
1692
1672
1666
1684
1680
1676
1662
1688
1680
1696
1674
1692
1688
1668
1684
1722
1676
1670
1704
1678
1670
1678
1666
1678
1672
1680
1684
1680
1688
1678
1678
1666
1682
1684
1658
1658
1676
1676
1692
1678
1678
1674
1674
1666
1674
1670
1674
1746
1688
1684
1682
1678
1662
1678
1666
1682
1662
1670
1696
1688
1684
1692
1670
1700
1672
1666
1680
1670
1670
1684
1684
1688
1672
1676
1676
1678
1662
1676
1692
1724
1758
1672
1672
1676
1676
1692
1666
1696
1666
1724
1674
1688
1700
1658
1680
1672
1684
1676
1658
1666
1670
1674
1666
1704
1676
1680
1672
1688
1684
1686
1670
1670
1682
1658
1670
1692
1684
1680
1676
1684
1680
1672
1692
1658
1688
1662
1678
1712
1686
1670
1680
1680
1676
1684
1684
1684
1672
1684
1688
1670
1708
1666
1686
1738
1676
1666
1680
1676
1680
1684
1662
1696
1654
1692
1696
1658
1688
1662
1672
1704
1700
1684
1746
1684
1658
1700
1666
1676
1676
1672
1688
1672
1662
1692
1684
1722
1692
1686
1680
1674
1674
1674
1670
1678
1704
1672
1680
1684
1682
42992
2108
1896
2104
2016
1942
2074
1870
2092
1896
2104
1964
1976
2080
1908
2054
1900
2084
1904
2104
2016
1920
2038
1882
2058
1916
2074
1946
2042
2088
1866
1730
1676
1692
1716
1682
1684
1680
1678
1684
1674
1708
1700
1674
1688
1676
1688
1662
1668
1662
1700
1674
1662
1670
1682
1754
1674
1674
1662
1674
1688
1680
1682
1704
1662
1676
1728
1674
1674
1674
1676
1666
1700
1654
1668
1680
1658
1684
1682
1688
1654
1684
1722
1696
1666
1674
1670
1688
1688
1696
1674
1654
1686
1688
1676
1700
1658
1684
1676
1688
1646
1666
1666
1670
1700
1676
1684
1722
1688
1672
1680
1672
1668
1684
1680
1692
1678
1678
1688
1662
1678
1688
1684
1668
26683
1604
1608
1628
1600
1612
1648
1600
1600
1600
1596
2032
2032
1896
2008
1880
1912
1996
1792
2012
1804
2024
1860
2028
1940
1848
1996
1784
2032
1824
2024
1888
1956
2012
1788
2012
1804
2012
1836
2020
1848
1632
1600
1596
1632
1592
1620
1608
1608
1600
1612
1604
1604
1616
1664
1604
1588
1600
1604
1612
1596
1604
1628
1600
1608
1600
1608
1604
1588
1616
1644
1612
1576
1616
1596
1620
1620
1604
1600
1596
1620
1612
1596
1608
1616
1608
1628
1612
1616
1604
1616
1596
1592
1596
1600
1652
1604
1612
1612
1604
1616
1620
1644
1616
1612
1604
1632
1604
1604
1596
1624
1604
1608
1604
1600
1608
1592
1596
1636
1608
1600
1592
1608
1612
1596
1592
1596
1596
1604
1608
1608
1612
1608
1596
1636
1616
1616
1596
1596
1592
1608
1600
1600
1596
1620
1596
1592
1604
1576
1600
1624
1596
1608
1612
1592
1596
1592
1620
1604
1588
1620
1628
1632
1596
1600
1596
1632
1604
1592
1588
1612
1596
1600
1596
1656
1596
1600
1648
1612
1612
1592
1600
1648
