21942
31066
56266
29025
25133
25083
25075
25067
25108
25092
25067
25125
25109
25142
25209
25150
25117
25109
25083
25091
25000
25192
25017
25033
25125
25175
25183
25125
25075
25059
25059
25075
25066
25050
25092
25167
25117
25116
25108
25075
25141
25100
25092
25200
25216
25200
25283
25125
25134
25084
25008
25066
25108
25100
25025
25058
25059
25108
25141
25217
25133
25142
25084
25217
25150
25125
25158
25242
25108
25125
25109
25075
25142
25083
25117
25033
25058
25075
25208
25150
25225
25134
25225
25242
25150
25058
25108
25142
25150
25133
25175
25108
25066
25083
25108
25084
25067
25050
51333
25350
25100
25092
25117
25167
25109
25100
25084
25175
24992
25133
25292
25100
25033
25083
25025
25025
25075
25067
25158
25092
25041
24975
24966
25042
24992
25034
25033
25008
24966
25017
24900
25092
25100
25091
25125
25125
25233
25058
25058
25008
25067
25050
25225
25125
45063
17700
17745
17755
17670
17700
17740
17735
17850
17675
17625
17630
17610
17600
17595
17650
17605
17605
17630
17690
17655
17615
17650
17625
17635
17580
17620
17705
17640
17705
17670
17635
17645
17600
17605
17605
17635
17630
17715
17585
17610
17615
17620
17665
17650
17685
17630
17645
17615
17685
17670
17685
17600
17620
17635
17600
17615
17600
17690
17595
17615
17645
17630
17640
17680
17655
17620
17615
17560
30310
19540
17685
17600
17675
17620
17600
17595
17580
17605
17645
17605
17585
17605
17605
17660
17615
17635
17640
17635
17710
17620
17620
17665
17640
17600
17625
17585
17565
17600
17585
17650
17615
17695
17615
17560
17730
17695
17700
17775
17810
17760
17715
17675
17725
17765
17805
17765
17715
17705
17700
17715
17655
17700
17700
17680
17725
17800
17715
17810
17680
17700
17670
17745
17720
17690
17730
17720
17610
17645
17595
17570
17605
17555
17630
17610
17605
17605
17710
17610
17625
17665
17630
17700
17620
17620
17620
17620
17655
17660
17635
17650
17605
17610
17585
17630
17615
17600
17675
17610
17635
17660
17625
17665
17600
17600
17660
17595
17625
17645
17715
17750
17670
17715
17700
17735
17705
17750
17810
17710
17730
17790
17710
17740
17695
17720
17710
17725
17690
17720
17730
17700
17710
17705
17685
17675
17720
33135
17855
17705
17665
17705
17750
17735
17705
17805
17740
17760
17720
17715
17680
17660
17755
17750
17735
17720
17700
17740
17650
17750
17765
17695
17655
17730
17740
17720
17775
17715
17820
17725
17750
17705
17665
17680
17750
17600
17700
17660
17605
17645
17605
17615
17630
17605
17595
17675
17685
17745
17715
17760
17715
17655
17690
17655
17685
17730
17805
17745
17700
17700
17675
17710
17695
17730
17680
17710
17770
17720
17700
17695
17680
17710
17685
17735
17720
17740
17680
17790
17710
17710
17705
17670
17680
17715
17690
17700
17715
17690
17680
17715
17795
17705
17770
17730
17805
17725
17645
17695
17700
17695
17630
17625
17595
17630
17600
17645
17610
17615
17580
17615
17655
17640
17715
17660
17620
17595
17605
17615
17645
17610
17710
17760
17730
17695
17675
17690
17730
17700
17700
17725
17800
17805
17710
17750
30075
17825
17715
17695
17695
17810
17735
17740
17635
17650
17610
17600
17585
17630
17615
17625
17605
17545
17745
17635
17625
17660
17640
17645
17630
17640
17615
17630
17640
17665
17625
17625
17630
17605
17610
17630
17565
17655
17695
17700
17695
17765
17710
17735
17710
17720
17700
17680
17730
17765
17740
17665
17675
17680
17640
17665
17670
17725
17630
17645
17685
17640
17610
17630
17680
17660
17635
17610
17610
17605
17655
17650
17630
17665
17600
17540
17610
17700
17610
17615
17590
17605
17675
17635
17660
17650
17690
17620
17625
17600
17655
17635
17630
17650
17625
17655
17670
17670
17670
17620
17640
17630
17595
17705
17710
17730
17690
17725
17730
17660
17735
17705
17720
17715
17605
17640
17660
17565
17630
17610
17625
17605
17595
17665
17630
17650
17615
17645
17620
17625
17655
17620
17585
17580
17620
17675
17650
20665
17710
17590
17590
17630
17600
17590
17550
17610
17655
17640
17640
17695
17625
17570
17610
17630
17605
17650
17695
17650
17650
17655
17600
17620
17635
17615
17600
17635
17660
17640
17635
17660
17600
17675
17630
17635
17650
17560
17710
17620
17615
17600
17610
17630
17610
17615
17615
17635
17590
17615
17680
17720
17695
17745
17685
17725
17735
17720
23810
17930
17730
17805
17750
17740
17700
17675
17640
17760
17710
17680
17680
17710
17730
17760
17720
17760
17700
17795
17725
17760
17690
17725
17830
17740
17725
17750
17675
17710
17680
17700
17705
17685
17690
17755
17735
17950
17700
17785
17690
17740
17705
17725
17685
17765
17785
17735
17670
17690
17705
17660
17730
17700
17695
17680
17875
17775
17770
17825
17740
17715
17715
17775
17785
17720
17770
17820
17755
17765
17685
17670
17635
73235
21045
17695
17680
17705
17735
17715
17710
17745
17710
17730
17675
17700
17640
17705
17755
17720
17740
17745
17655
17765
17680
17695
17680
17715
17700
17770
17715
17750
17680
17685
17660
17735
17650
17650
17770
17735
17715
17710
17695
17755
17705
17680
17715
17705
17690
17725
17710
17630
17625
17665
17615
47365
16600
16650
16670
16660
16695
16775
16765
16760
16710
16685
16695
16720
16740
16695
16700
16690
16700
16735
16720
16860
16795
16655
16740
16720
16680
16670
16710
16620
16645
16650
16635
16660
16675
16645
16640
16615
16655
16720
16645
16675
16650
16635
16625
16665
16585
16610
16600
16595
16675
16645
16620
16605
16580
16605
16650
16640
16620
16725
16665
16665
16665
16670
16635
16665
16655
16645
16645
16685
16625
16625
16695
16685
16640
16580
16570
16645
16630
16710
16630
16615
16640
16645
16690
16620
16695
29365
16760
16660
16600
16615
16630
16620
16645
16800
16655
16680
16650
16670
16625
16635
16645
16635
16670
16670
16740
16680
16640
16615
16630
16625
16665
16650
16625
16705
16655
16640
16605
16650
16650
16630
16630
16670
16710
16725
16815
16760
16720
16750
16730
16730
16720
16710
16760
16810
16715
16715
16730
16670
16645
16705
16700
16690
16775
16730
16710
16750
16745
16800
16710
16705
16765
16760
16820
16730
16720
16650
16650
16650
16625
16655
16640
16735
16635
16640
16645
16615
16685
16670
16675
16630
16640
16655
16585
16605
16605
16645
16680
16660
16655
16595
16615
16700
16640
16610
16640
16650
16670
16660
16645
16675
16635
16660
16610
16655
16650
16655
16700
16720
16775
16725
16750
16705
16685
16760
16745
16755
16715
16715
16765
16740
16720
16750
16715
16755
16740
16755
16720
16695
16805
16700
16695
16795
16700
16730
16715
16715
16725
16710
16715
16800
26315
16860
16775
16750
16755
16755
16705
16705
16725
16745
16780
16855
16715
16750
16715
16705
16725
16715
16705
16820
16830
16715
16695
16700
16835
16765
16755
16715
16745
16720
16790
16730
16690
16680
16620
16575
16635
16635
16695
16635
16585
16635
16745
16715
16720
16775
16705
16745
16755
16740
16725
16735
16800
16750
16755
16760
16710
16740
16745
16715
16700
16720
16740
16790
16725
16755
16730
16760
16735
16775
16715
16695
16730
16755
16680
16735
16835
16695
16705
16720
16690
16700
16710
16705
16795
16725
16740
16760
16710
16720
16675
16720
16735
16720
16760
16740
16700
16770
16620
16580
16635
16635
16600
16635
16620
16625
16640
16640
16695
16665
16690
16685
16660
16640
16650
16680
16720
16690
16710
16790
16720
16715
16730
16730
16725
16740
16685
16785
16820
16900
16735
16710
16700
16700
16700
16720
16710
16750
16660
16755
16635
16605
16640
16595
16660
19545
16740
16610
16635
16615
16645
16675
16680
16655
16680
16650
16630
16635
16680
16655
16715
16655
16625
16585
16695
16655
16650
16625
16615
16575
16735
16705
16730
16750
16720
16740
16765
16735
16700
16700
16785
16865
16745
16700
16740
16690
16675
16725
16665
16680
16685
16710
16630
16690
16650
16695
16645
16620
16650
16645
16650
16650
16625
16735
16655
16600
16640
16615
16650
16635
16630
16640
16650
16660
16655
16665
16665
16655
16670
16675
16660
16660
16625
16700
16690
16680
16630
16570
16630
16670
16605
16600
16630
16630
16730
16745
16795
16745
16765
16735
16780
16815
16895
16755
16730
16660
16675
16660
16605
16630
16635
16660
16650
16610
16635
16620
16620
16670
16635
16670
16630
16635
16705
16590
16595
16580
16655
16635
16645
16645
16620
16630
16660
16625
16600
16670
16625
16645
16620
16660
16720
16655
16665
16650
16650
16660
16670
16605
16655
16690
31765
16665
16635
16605
16580
16680
16605
16615
16650
16660
16650
16705
16665
16615
16660
16660
16625
16645
16650
16660
16670
16670
16705
16625
16620
16620
16615
16630
16640
16725
16700
16730
16745
16780
16905
16750
16745
21100
16770
16705
16765
16790
16745
16730
16735
16915
16850
16685
16705
16725
16800
16725
16740
16735
16770
16800
16735
16735
16685
16730
16790
16820
16770
16725
16725
16695
16685
16765
16710
16690
16710
16695
16725
16745
16790
16805
16785
16735
16835
16800
16715
16740
16800
16675
16700
16730
16715
16745
16740
16735
16670
16695
16720
16780
16795
16755
16690
16755
16730
16750
16750
16710
16730
16755
16740
16765
16710
16690
16710
16715
16720
16695
16690
16780
16865
16745
16705
16770
16775
16755
16740
16720
16720
16705
16765
16810
16780
16850
16810
16670
16675
16725
16725
16780
16725
16670
16740
16730
16805
16720
16770
16730
30065
16890
16770
16740
16820
16760
16695
16875
16770
16705
16725
16725
16730
16705
16690
16760
16660
16670
16730
16645
16640
16645
16740
16715
16665
16645
16700
16780
16710
16700
16695
16695
16705
16725
16690
16730
16805
16685
16795
16700
16795
16760
16720
16705
16680
16725
16740
16770
16665
16625
16635
16625
16580
16660
16630
16640
16600
16755
16650
16670
16690
16645
16710
16675
16680
16645
16630
16685
16670
16640
16675
16675
16645
16690
16660
16665
16710
16635
16640
16670
16650
16690
16665
16670
16635
16655
16620
16620
16655
16600
16650
16690
16650
16655
16640
16680
16660
16615
16645
16655
16640
16645
16650
16655
16660
16670
16670
16650
16625
16620
16660
16645
16680
16750
16620
16600
16575
16635
16650
16640
16605
16630
16660
16665
16725
16640
16705
16620
16645
16620
16655
16685
16745
16650
16650
16650
16625
16655
16610
16635
16655
16640
16620
16725
16740
33535
16895
16705
16750
16720
16690
16700
16710
16760
16745
16785
16880
16695
16730
16790
16735
16665
16680
16715
16800
16815
16700
16730
16735
16730
16695
16725
16725
16725
16730
16725
16695
16620
16600
16570
16630
16635
16645
16700
16635
16635
16665
16645
16700
16675
16710
16645
16670
16640
16640
16680
16655
16660
16650
16655
16635
16665
16650
16680
41015
15740
15765
15765
15815
15815
15770
15765
15765
15780
15730
15730
15730
15750
15870
15830
15830
15825
15845
15815
15835
15895
15830
15835
15910
15860
15915
15940
15850
15850
15875
15865
15855
15885
15880
15930
15895
15875
15830
15855
15830
15870
15875
15815
15815
15835
15860
15860
15915
15835
15910
15870
15880
15855
15835
15865
15920
15860
15965
15865
15845
15880
15845
15835
15830
15825
15845
15910
15830
15880
15855
15885
15870
15800
15840
15835
15855
15850
15860
15795
15795
15770
15775
15770
15775
15755
15735
15795
15830
26870
15990
15865
15930
15860
15855
15850
15820
15850
15880
15935
15880
15840
15815
15890
15800
15860
15855
15825
15900
15830
15855
15850
15865
15885
15855
15860
15835
15855
15865
15875
15940
15845
15850
15845
15795
15845
15800
15925
15905
15890
15855
15905
15845
15850
15870
15850
15835
15845
15795
15815
15945
15950
15805
15785
15745
15700
15750
15785
15785
15740
15745
15755
15765
15780
15775
15820
15765
15780
15800
15775
15770
15805
15805
15850
15835
15790
15985
15860
15845
15885
15850
15820
15825
15840
15855
15870
15850
15915
15920
15870
15870
15860
15840
15870
15945
15865
15770
15760
15755
15775
15775
15785
15745
15765
15785
15755
15820
15810
15780
15760
15755
15755
15765
15765
15830
15750
15790
15865
15760
15760
15740
15725
15775
15745
15745
15795
15825
15855
15810
15865
15890
15890
15835
15940
15920
15935
15875
15915
15815
15790
15770
15805
15795
15800
15910
15790
15765
15815
15790
15885
15935
15785
25075
15795
15930
15770
15755
15800
15780
15785
15730
15780
15750
15775
15755
15760
15775
15780
15755
15755
15790
15865
15780
15755
15795
15720
15715
15740
15725
15720
15775
15755
15760
15740
15785
15765
15790
15835
15755
15840
15825
15900
15830
15935
15865
15870
15830
15850
15840
15860
15895
15860
15820
15730
15720
15700
15755
15760
15835
15755
15755
15770
15790
15855
15860
15830
15775
15715
15710
15725
15700
15755
15740
15785
15800
15805
15745
15835
15745
15760
15750
15765
15775
15770
15790
15855
15780
15755
15750
15790
15765
15820
15755
15735
15800
15800
15825
15745
15740
15740
15775
15780
15740
15785
15745
15740
15775
15795
15785
15810
15730
15775
15780
15720
15750
15820
15770
15790
15840
15710
15720
15775
15765
15740
15765
15755
15840
15870
15900
15900
15885
15850
15865
15850
19840
15910
15925
15890
15875
15835
15825
15835
15835
15840
15795
15900
15865
15980
15855
15875
15850
15830
15810
28260
16410
15830
15885
15865
15880
15830
15815
15835
15835
15825
15825
15810
15835
15855
15875
15870
15860
15860
15950
15965
15855
15815
15880
15830
15890
15945
15875
15890
15830
15790
15800
15845
15835
15810
15820
15825
15850
15925
15890
15845
15880
15845
15870
15855
15865
15865
15890
15840
15860
15925
15830
15940
15870
15845
15810
15825
15910
15895
15840
15875
15930
15855
15935
15800
15830
15865
15835
15815
15875
15895
15855
15900
15850
15860
15845
15915
15820
15850
15885
15850
15845
15845
15880
15840
15850
15845
15830
15810
15880
15965
15945
15875
15845
15920
15810
15835
15830
15840
15820
15820
15775
15785
15815
15785
15810
15815
15795
15765
15775
15790
15935
15880
15890
15860
15850
15835
15855
15835
15815
15850
15865
15880
15845
15805
15825
15850
15855
15805
15840
15805
15825
15935
15760
15835
15810
15740
15785
15745
15750
15755
15745
15775
15765
15760
15870
15775
15780
15790
15780
15780
15870
15780
28710
15840
15790
15825
15745
15705
15715
15775
15765
15730
15760
15760
15765
15770
15820
15785
15800
15725
15765
15840
15765
15785
40205
14980
14985
14990
14975
14995
14960
14970
14970
14975
14985
14990
15000
15025
15005
14960
14980
14920
14985
14970
15005
14990
15020
14960
14960
14960
14940
14950
14965
14980
14960
14975
14960
15005
14985
14990
15000
15030
15000
15065
14965
14965
14995
14990
15005
15000
14970
14915
14970
14970
14980
14945
14975
14970
15070
15060
15120
15050
15145
14990
15070
15080
15050
15090
15125
15030
15035
15035
15045
15060
15015
15045
15045
15040
15070
15130
15115
15090
15065
15050
15060
15105
15055
15030
15065
15010
14960
15005
15000
14980
14990
14960
14990
14970
14945
15065
14975
14990
14975
14980
15030
14980
14955
14985
14965
15015
15010
14995
15020
15010
14975
14970
14935
15005
14990
15035
14945
14980
14990
14990
15020
15010
15040
14995
15000
14995
14990
14985
15055
15045
15060
15045
15045
15070
15105
15060
26410
15175
15065
15130
15075
15080
15080
15085
15080
15070
15070
15020
15060
15075
15075
15055
15065
15040
15040
15080
15050
15050
15045
15065
15110
15040
15065
15055
15095
15080
15110
15035
15045
15040
15080
15140
15065
15020
15045
15100
15025
15080
15040
15025
15010
15050
15050
15065
15120
15060
15150
15070
15080
15050
15010
15025
15095
14960
14980
15040
14965
15015
14970
14970
14960
14975
14995
15025
15070
15065
15060
15050
15040
15015
15070
15030
15080
15060
15140
15105
15055
15035
15020
15030
15070
15055
15030
15085
15115
15070
15060
15055
15085
15105
15065
15035
15035
15060
15150
15130
15090
15080
15025
15030
14980
15075
15025
15025
15015
15030
15030
15070
15050
15115
15045
15070
15065
15015
15000
15080
15035
15000
14985
15000
14970
14990
14985
14980
14970
14960
14970
14945
15035
15020
14990
14965
14995
14955
15040
14950
14985
14940
15045
15095
15040
15055
14995
15020
15040
15040
15030
15035
15110
15075
15035
15055
15070
15150
15060
15060
14990
26440
15155
15065
14995
14980
14970
14920
14950
14980
14970
14945
14975
14970
14975
14980
15025
14995
15020
15060
15010
14975
14985
15005
15005
14970
14975
15000
14955
15020
15010
15000
14965
14990
14985
15040
15055
15075
15060
15110
15035
15065
15035
15040
15065
15040
15035
15015
15030
15020
15040
14980
15015
15000
14990
15005
15035
14990
14970
14990
15090
15040
15000
14970
14985
14995
15005
15005
14995
14995
14970
14960
14945
14990
14975
14985
14955
14980
15000
15005
14990
15020
15015
14965
14970
14960
14965
15010
14995
14995
15005
15005
14965
14995
14965
14980
14935
15005
14980
15040
15050
15145
15060
15050
15035
15000
15055
15035
15085
15030
14985
15030
14955
14950
14955
14920
14975
14990
14985
14965
15035
15000
14980
14990
14990
15035
15000
14960
14945
14935
14975
14945
14980
14995
14955
15000
14950
15020
14980
15005
14980
14960
14975
14980
15025
14995
15020
15020
14995
14990
14990
15015
15015
14960
14980
14990
14945
15020
15065
14975
14960
14995
25525
15535
14990
15030
14970
15025
14990
15020
14935
14955
14995
14980
14980
14965
14970
14980
14975
14950
14975
15045
14960
14985
15045
15055
15050
15035
15080
15035
15040
15040
18340
15130
15045
15140
15085
15075
15060
15010
15035
15060
15040
15035
15005
15035
15065
15050
15100
15045
15090
15120
15045
15010
15010
15040
15135
15230
15070
15080
15020
15055
15025
15045
15050
15030
15050
15100
15065
15060
15145
15110
15080
15055
15050
15050
15080
15095
15080
15155
15050
15075
15030
15035
15040
15025
15025
15070
15125
15150
15055
15050
15085
15080
15080
15065
15030
15005
15060
15085
15100
15095
15030
15015
14995
15065
15035
15060
15005
15085
15070
15080
15080
15045
15085
15080
15080
15050
15055
15050
15145
15095
15080
15060
15045
15070
15055
15075
15090
15035
15040
15115
15040
15085
15040
15060
15045
15050
15050
15035
15050
15065
15090
15115
15055
15060
15005
15030
15030
15105
15035
15055
15035
14985
14985
14985
14990
15000
14995
14990
14955
14985
27520
15120
15080
15075
15040
15020
15020
15080
15060
15035
15030
15020
15000
15065
15005
15080
15010
15060
15065
15015
15080
15005
15030
14995
14940
14995
14970
14980
14985
14970
14945
14980
14955
14990
14980
15030
14980
14995
14980
15015
14970
14960
15050
14985
14990
15025
14975
15000
14975
14965
14995
14970
14945
15000
14965
14985
15005
14990
14985
14995
15005
15070
14975
15015
14960
14965
15030
15015
14965
14915
14970
14980
14980
14950
14970
14955
14970
14980
15020
14955
15080
14955
14950
14975
14980
15005
14965
14995
14940
14985
14940
14990
14965
14970
14985
14990
14955
14955
14990
15020
15065
15025
14980
14955
14965
14960
14995
14995
14960
14985
14990
14975
14945
14985
14985
14965
14965
15000
15040
15125
15060
15035
15095
15070
15060
15060
15070
15050
15070
15100
15085
15040
15055
15010
15025
15050
15015
15030
15030
15105
15055
15050
15125
15055
15120
15060
15090
15055
15075
15060
15060
14995
14985
15000
14965
15015
15005
14985
14965
15065
14990
28050
15080
15005
15035
14995
14990
14970
14995
14965
40281
14240
14280
14272
14276
14272
14268
14236
14260
14236
14248
14272
14256
14248
14268
14288
14304
14280
14252
14264
14260
14348
14292
14344
14360
14304
14328
14304
14320
14344
14324
14312
14340
14308
14372
14324
14380
14336
14388
14396
14336
14340
14368
14328
14404
14344
14372
14328
14340
14340
14340
14340
14328
14308
14324
14380
14340
14384
14432
14340
14320
14312
14328
14332
14332
14360
14320
14356
14324
14364
14324
14316
14344
14320
14312
14368
14384
14404
14308
14332
14380
14328
14352
14320
14340
14336
14372
14348
14272
14272
14252
14204
14264
14264
14256
14292
14240
14236
14348
14340
14392
14348
14400
14324
14348
14324
14360
14332
14428
14352
14336
14340
14316
14328
14316
14312
14392
14324
14340
14372
14332
14368
14332
14364
14332
14368
14352
14316
14336
14360
14376
14332
14336
14328
14316
14344
14376
14324
14308
14332
14392
14332
14336
14356
14336
14340
14364
14336
14332
14356
14356
14364
14284
14288
14304
14240
14244
22680
16328
14368
14268
14296
14276
14280
14296
14304
14276
14296
14268
14232
14256
14336
14320
14364
14320
14400
14332
14360
14348
14368
14324
14348
14308
14388
14328
14352
14348
14320
14332
14324
14312
14328
14336
14352
14248
14352
14236
14208
14248
14220
14264
14264
14256
14280
14248
14280
14272
14292
14268
14272
14292
14264
14268
14284
14296
14272
14312
14272
14264
14272
14204
14280
14276
14248
14252
14208
14336
14316
14336
14360
14324
14356
14376
14340
14296
14388
14384
14276
14284
14308
14260
14304
14256
14304
14296
14280
14328
14312
14280
14280
14304
14252
14248
14292
14272
14304
14240
14220
14292
14268
14288
14244
14260
14252
14280
14248
14244
14268
14276
14284
14264
14272
14264
14280
14340
14256
14280
14288
14292
14276
14272
14228
14220
14256
14224
14284
14256
14260
14260
14208
14352
14340
14428
14360
14344
14348
14340
14308
14332
14356
14348
14280
14292
14280
14228
14264
14248
14264
14276
14248
14248
14252
14280
14304
14276
14292
14332
14248
14224
14232
14232
14212
14280
14268
14268
14256
14252
23324
14344
14240
14256
14228
14268
14276
14284
14284
14300
14248
14260
14264
14264
14280
14296
14288
14276
14272
14328
14264
14224
14300
14256
14260
14240
14236
14284
14292
14280
14320
14280
14236
14288
14284
14260
14272
14280
14284
14280
14292
14320
14260
14240
14256
14232
14264
14268
14328
14308
14352
14344
14368
14364
14320
14308
17440
14424
14316
14320
14344
14436
14328
14304
14352
14256
14324
14320
14376
14376
14340
14340
14316
14316
14352
14388
14320
14360
14372
14352
14404
14316
14368
14316
14308
14280
14312
14312
14316
14288
14340
14336
14360
14344
14448
14388
14344
14332
14328
14340
14344
14404
14296
14332
14336
14324
14360
14340
14356
14304
14332
14352
14432
14352
14360
14332
14328
14344
14332
14348
14308
14376
14360
14356
14360
14360
14320
14308
14308
14336
14308
14364
14336
14380
14352
14316
14316
14368
14412
14360
14356
14316
14324
14328
14404
14392
14324
14320
14300
14292
14404
14364
14324
14332
14288
14356
14332
14392
14360
14376
14312
14360
14332
14320
14300
14400
14352
14340
25136
14344
14352
14292
14336
14336
14312
14320
14352
14352
14256
14304
14252
14328
14288
14236
14244
14232
14252
14376
14428
14372
14316
14356
14332
14340
14316
14308
14344
14364
14320
14324
14308
14328
14316
14324
14328
14324
14340
14412
14328
14264
14252
14244
14232
14212
14292
14276
14268
14224
14264
14256
14264
14284
14304
14260
14288
14284
14284
14284
14256
14264
14260
14268
14276
14252
14276
14260
14248
14276
14280
14236
14260
14288
14280
14244
14328
14248
14308
14276
14264
14224
14220
14268
14304
14288
14248
14264
14232
14244
14248
14256
14276
14272
14276
14272
14260
14352
14336
14264
14268
14284
14296
14288
14272
14284
14280
14228
14252
14204
14272
14268
14252
14232
14248
14288
14292
14292
14392
14324
14256
14268
14240
14280
14304
14292
14288
14276
14288
14244
14300
14276
14264
14256
14212
14284
14312
14432
14364
14324
14376
14344
14344
14328
14348
14336
14340
14344
14360
14316
14300
14324
14340
14320
14344
14316
14396
14400
14356
14308
14352
14372
14332
14356
14324
14356
14340
14368
14376
24732
14300
14312
14264
14236
14268
14268
14244
14240
14204
14276
14292
14276
14308
14272
14296
14228
14248
14236
14364
14276
14284
14256
14276
14260
14288
14276
14292
14240
14284
14276
14276
14308
14304
14280
14272
14244
14240
14272
14328
14256
14252
14344
14380
14368
14304
14324
14332
14340
14344
14340
14340
14392
14340
14348
14352
14320
14368
14340
14348
14348
14340
14384
14364
14332
14360
14312
14304
14280
14364
14328
14348
14312
14312
14312
14384
14340
14392
14332
14368
14348
14340
14320
14368
14404
14360
14364
14344
14308
14348
14328
14344
14312
14348
14356
14384
14360
14336
14328
14388
14320
14288
14316
14320
14332
14360
14296
14296
14252
14232
14260
14212
14284
14236
14256
14260
14316
14368
14392
14336
14360
14380
14352
14336
14332
14340
14328
14396
14356
14372
14308
14320
14304
14368
14320
14340
14304
14392
14348
14312
14396
14328
14380
14312
14348
14344
14332
14320
14368
14340
14356
14336
14312
14356
14376
14316
14392
14324
14316
14384
14332
14348
14312
14380
14332
14360
14336
14332
14328
24604
14456
14380
14360
14224
14268
14248
14276
14232
14268
14244
14256
14276
14272
14280
14280
14288
14268
14260
14276
14360
14308
14352
14324
14288
14312
14312
14300
14340
14348
14324
14320
14320
14360
14336
14384
14336
14396
14336
14392
14320
14360
14352
14316
14256
14296
14292
14244
14276
14260
14248
14276
14260
14236
14256
14280
14288
14276
14292
14336
14232
14240
14264
14276
14268
14276
14252
14264
14272
14240
14260
14240
14260
14228
14272
14308
14344
14312
14404
14328
14356
14344
14340
14320
14304
14336
14360
14272
14276
14276
14300
14292
14296
14296
14288
14272
14308
14292
14288
14380
14320
14276
14220
14268
14284
14264
14236
14280
14280
14292
14292
14264
14264
14244
14264
14272
14264
14268
14312
14284
14304
14276
14260
14252
14232
14276
14240
14240
14252
14268
14288
14252
14208
14264
14220
14284
14264
14240
14348
14320
14356
14332
14360
14332
14364
14352
14328
14312
14344
14328
14308
14276
14296
14236
14200
14244
14268
14272
14308
14272
14268
14260
14284
14300
14296
14304
14300
14252
14228
26884
15120
14264
14272
14264
14252
38864
13600
13586
13696
13724
13618
13636
13622
13620
13642
13604
13636
13600
13608
13628
13616
13638
13578
13666
13712
13638
13670
13630
13608
13612
13620
13592
13674
13684
13710
13622
13624
13646
13628
13620
13608
13600
13626
13664
13634
13716
13646
13588
13600
13578
13646
13616
13642
13566
13674
13684
13704
13686
13726
13674
13684
13692
13742
16726
13796
13726
13668
13714
13670
13666
13680
13670
13654
13642
13670
13696
13854
13762
13712
13684
13666
13670
13722
13718
13664
13658
13684
13696
13692
13704
13674
13674
13676
13678
13738
13746
13676
13742
13700
13700
13692
13720
13726
13678
13718
13722
13714
13718
13764
13708
13726
13670
13646
13638
13686
13650
13658
13662
13666
13692
13754
13720
13680
13712
13684
13700
13696
13700
13700
13716
13680
13696
13674
13666
13696
13666
13692
13664
13668
13688
13788
13696
13704
13696
13700
13666
13658
13692
13686
13668
13668
13734
13662
13654
13666
13680
13654
13684
13658
13666
13662
13804
13708
13666
13688
13700
13730
13680
13688
13662
13642
13680
13754
23338
13742
13672
13676
13650
13708
13688
13676
13660
13680
13642
13642
13630
13654
13622
13642
13634
13574
13658
13764
13738
13688
13692
13708
13688
13670
13692
13670
13658
13692
13710
13718
13678
13650
13666
13724
13688
13696
13642
13692
13758
13684
13658
13666
13638
13614
13600
13596
13634
13604
13610
13630
13586
13712
13672
13634
13608
13624
13626
13662
13628
13630
13650
13646
13642
13628
13622
13558
13614
13704
13630
13608
13612
13608
13612
13616
13658
13634
13742
13646
13630
13626
13608
13642
13626
13638
13638
13626
13604
13624
13604
13616
13596
13682
13688
13612
13670
13638
13608
13628
13600
13612
13628
13600
13634
13574
13608
13712
13620
13596
13588
13604
13626
13604
13588
13614
13664
13646
13616
13630
13620
13634
13632
13622
13622
13646
13638
13600
13620
13588
13632
13676
13588
13624
13612
13662
13600
13608
13700
13692
13746
13678
13712
13696
13696
13674
13692
13784
13754
13710
13692
13776
13676
13704
13766
13696
13674
13654
13700
13754
13692
13780
13750
13688
13696
13734
13682
13688
13716
13696
13610
13626
13624
13608
13676
13604
13630
25120
13896
13642
13614
13624
13626
13668
13618
13676
13620
13616
13616
13622
13660
13646
13634
13638
13604
13608
13588
13754
13758
13588
13612
13616
13630
13646
13668
13634
13666
13608
13650
13620
13628
13630
13692
13746
13692
13690
13684
13770
13700
13692
13666
13658
13700
13742
13696
13686
13692
13662
13670
13692
13650
13654
13678
13730
13686
13708
13642
13730
13654
13654
13686
13680
13678
13772
13824
13700
13692
13704
13692
13708
13692
13670
13684
13670
13712
13762
13700
13682
13676
13724
13662
13708
13672
13668
13640
13684
13688
13700
13746
13692
13770
13700
13704
13680
13642
13654
13720
13600
13620
13666
13604
13650
13620
13638
13600
13618
13616
13658
13700
13696
13750
13680
13674
13650
13700
13666
13712
13692
13754
13772
13704
13662
13658
13664
13696
13696
13666
13666
13754
13680
13674
13708
13676
13688
13670
13692
13696
13724
13700
13746
13688
13682
13684
13650
13654
13682
13674
13676
13658
13700
13680
13696
13814
13688
13746
13772
13708
13666
13680
13696
13700
13632
13626
13688
13596
13620
13620
13622
13610
13590
13614
13592
13628
13654
23880
13670
13578
13730
13566
13596
13626
13632
13710
13734
13666
13646
13668
13692
13750
13770
13662
13700
13734
13738
13700
13704
13712
13704
13674
13658
13720
13696
13766
13700
13670
13638
13608
13558
13608
13608
13604
13614
13658
13614
13638
13646
13620
13654
13620
13626
13624
13588
13604
13608
13596
13646
13618
13612
13612
13604
13600
13682
13608
13634
13620
13666
13692
13708
13692
13662
13668
13690
13668
13666
13700
13674
13696
13688
13732
13642
13682
13638
13650
13646
13612
13674
13624
13638
13626
13666
13634
13658
13632
13638
13620
13634
13642
13642
13634
13700
13608
13564
13614
13654
13616
13580
13618
13682
13638
13616
13658
13634
13666
13612
13628
13604
13616
13638
13674
13634
13642
13626
13588
13680
13764
13692
13658
13662
13596
13678
13688
13708
13682
13700
13704
13654
13696
13796
13712
13704
13626
13604
13630
13600
13614
13612
13600
13604
13586
13676
13620
13638
13618
13616
13624
13638
13674
13596
13670
13600
13616
13570
13626
13628
13596
13638
13586
13654
13622
13618
13572
13646
13680
13642
13620
13654
13626
13620
13688
13590
13668
21492
15178
13630
13588
13654
13670
13634
13650
13624
13600
13628
13638
13642
13638
13642
13604
13654
13634
13574
13700
13640
13614
13616
13612
13600
13608
13612
13608
13612
13612
13622
13586
13618
13668
13696
13686
13704
13668
13684
13742
13684
16664
13766
13712
13758
13696
13830
13674
13654
13712
13700
13704
13650
13646
13662
13680
13682
13700
13716
13680
13704
13754
13654
13662
13692
13882
13646
13658
13674
13692
13784
13714
13674
13666
13662
13676
13754
13680
13716
13692
13824
13704
13704
13696
13680
13638
13654
13696
13808
13674
13696
13738
13736
13658
13664
13676
13670
13742
13692
13812
13692
13650
13692
13696
13684
13616
13662
13680
13742
13700
13682
13696
13664
13634
13712
13692
13650
13666
13662
13754
13692
13686
13734
13674
13712
13696
13736
13650
13704
13750
13718
13700
13704
13650
13704
13688
13692
13658
13684
13728
13746
13670
13708
13670
13708
13680
13684
13688
13668
13688
13692
13712
13736
13684
13696
13640
13664
13662
13662
13646
13696
13764
13642
13612
13630
13604
13626
13632
13642
13612
13638
13646
13718
13710
13710
13696
24342
15204
13726
13714
13654
13650
13666
13692
13754
13796
13638
13742
13684
13714
13674
13654
13634
13670
13624
13626
13680
13608
13628
13642
13616
13612
13596
13670
13680
13630
13628
13630
13604
13624
13630
13570
13658
13650
13588
13738
13646
13628
13604
13616
13600
13620
13642
13600
13650
13600
13596
13630
13678
13696
13754
13636
13630
13630
13632
13718
13630
13620
13616
13596
13596
13638
13646
13622
13610
38273
13044
13056
13044
13032
13068
13024
13104
13116
13040
13032
13016
13012
13104
12992
13028
12984
13040
13020
13016
13052
13040
13008
13004
13028
13068
13028
13068
13024
13004
13012
13008
13036
13028
13012
13068
13032
13020
12996
13088
13008
13004
13012
13092
13068
13076
13096
13084
13124
13104
13092
13096
13028
13052
13100
13148
13120
13080
13100
13048
13024
13080
13084
13060
13088
13092
13116
13080
13104
13144
13080
13076
13116
13116
13044
13076
13152
13036
13044
13044
13012
13032
13020
13040
12988
13040
13092
13100
13036
13056
13052
13052
13040
13004
13012
13008
13080
13036
13052
13056
13044
13008
13024
13012
13024
13020
12992
13012
12996
13036
13044
13052
21860
13104
12968
13052
13060
13052
13044
13092
13136
13080
13068
13048
13180
13100
13096
13072
13092
13084
13140
13128
13084
13108
13100
13044
13092
13108
13072
13068
13148
13100
13100
13088
13084
13116
13096
13092
13072
13120
13100
13136
13112
13112
13088
13084
13072
13100
13072
13068
13080
13056
13072
13104
13088
13068
13084
13076
13100
13144
13088
13092
13140
13088
13096
13124
13084
13132
13116
13088
13088
13084
13136
13092
13056
13056
13004
12972
13064
13032
13020
13016
12980
13016
13104
13084
13088
13132
13076
13104
13112
13100
13100
13100
13144
13104
13112
13112
13068
13100
13116
13096
13072
13088
13104
13140
13092
13108
13088
13108
13096
13124
13080
13060
13088
13108
13120
13128
13160
13060
13076
13088
13064
13064
13080
13092
13120
13112
13096
13120
13084
13088
13048
13096
13096
13088
13176
13100
13044
13048
13024
13008
12996
13036
13020
13020
13016
13028
13040
13044
13032
13064
13024
13096
13036
13120
13040
13000
13084
13112
13136
13096
13088
13104
13108
13124
13064
13088
13064
13136
13088
13120
13096
13080
13096
13156
13072
13084
13080
13108
13048
13056
13012
13000
13012
12980
13044
23036
13048
13156
13032
13020
13028
13036
13132
13092
13060
13024
13096
13028
13052
13040
13060
13040
13020
12984
12984
13056
13040
13056
13020
13016
13088
13108
13160
13088
13124
13076
13096
13096
13100
13104
13124
13028
13032
13060
13012
13104
13076
13064
13040
13056
13076
13068
13004
13052
13036
13068
13024
13004
13028
13012
13028
13024
13012
13076
13032
13016
13080
12996
13020
13084
13072
13052
13012
13044
13020
13028
13008
13044
13040
13016
13048
12976
13020
13004
13024
13068
12988
13004
12980
13032
13036
13076
12996
13016
13096
13108
13136
13100
13124
13092
13120
13076
13088
13176
13088
13036
13028
13040
13012
13032
13020
13100
13012
13080
13012
13024
13048
13064
13032
13012
13036
13004
13040
12980
12988
12984
13020
13028
13024
13024
13016
12996
13056
13008
13016
13036
13000
13032
13028
13028
13040
13132
13040
13024
13100
13052
13032
13040
13088
13000
13000
12988
12996
13056
13040
13032
13024
13076
13016
13036
13080
13076
13080
13048
13056
13040
13024
13040
13024
13032
13028
13040
13012
13060
13040
13040
13016
13016
13032
13124
13116
13104
13076
13068
13088
13096
13052
15984
13268
25576
13160
13104
13076
13080
13092
13088
13068
13104
13080
13124
13124
13104
13088
13068
13080
13116
13080
13104
13104
13168
13132
13164
13108
13088
13092
13060
13052
13084
13044
13088
13072
13068
13092
13104
13124
13084
13116
13104
13096
13164
13088
13104
13148
13052
13072
13096
13084
13104
13100
13100
13064
13088
13096
13144
13104
13104
13084
13088
13136
13112
13048
13196
13156
13112
13104
13112
13048
13044
13048
13052
13088
13060
13076
13100
13152
13092
13076
13068
13168
13148
13124
13076
13092
13100
13072
13144
13136
13084
13068
13060
13048
13096
13100
13092
13088
13080
13168
13104
13088
13124
13084
13068
13100
13084
13076
13104
13176
13100
13068
13100
13076
13088
13060
13088
13092
13076
13056
13148
13072
13036
13020
13012
13020
13008
13052
13036
12992
13016
13060
13104
13088
13076
13048
13044
13092
13084
13152
13076
13124
13048
13088
13088
13104
13144
13124
13088
13084
13064
13116
13092
13056
13052
13048
13028
12988
13060
13032
13072
12976
13028
13032
13048
13116
13100
13080
13052
13044
13020
13032
13040
13056
13040
13040
13048
13084
13116
13052
13040
13028
13032
13040
13016
13048
13068
24444
13080
13164
13108
13048
13032
13036
13108
13036
13028
13008
13024
13032
13008
13008
13012
13004
13024
13024
13100
13036
13032
13060
13036
13096
13088
13040
13056
13036
13036
13068
12996
13004
13000
13012
13024
13032
12992
13056
13032
13036
13052
13044
13084
13028
12988
13016
13036
13016
13044
13048
13036
13040
13036
13012
13040
12996
13016
13052
13032
13004
13092
13100
13124
13084
13136
13120
13076
13072
13092
13072
13112
13092
13088
13076
13052
13080
13120
13064
13052
13068
13088
13152
13100
13072
13092
13116
13096
13108
13088
13104
13104
13112
13116
13068
13064
12992
12972
13008
13044
13020
12992
13016
13016
13036
13172
13148
13056
13080
13032
13056
13024
13152
13112
13104
13036
13024
13052
13020
13036
13020
13048
13008
13016
13020
13072
13040
13040
13024
13036
13040
13008
13012
13016
13088
13024
13084
13112
13128
13084
13080
13068
13072
13084
13064
13108
13148
13092
13088
13096
13096
13100
13120
13168
13100
13124
13112
13164
13128
13100
13080
13052
13068
13108
13116
13068
13040
13076
13100
13100
13148
13084
13200
13104
13100
13100
13040
13092
13128
13088
13100
13104
13088
13096
13096
24996
13104
13064
13100
13148
13100
13104
13124
13112
13100
13080
13096
13096
13096
13108
13044
13056
13044
13012
13132
12992
13112
13012
13052
13088
13088
13108
13076
13096
13080
13100
13112
13096
13092
13104
13088
13152
13100
13120
13068
13136
13064
13100
13060
13076
13092
13064
13112
13068
13148
13092
13120
13068
13128
13084
13092
13080
13136
13100
13176
13092
13052
13092
13056
13100
13056
13076
13080
13128
13096
13092
13072
13120
13092
13076
13080
13060
13100
13148
13048
13032
13052
13012
13012
12992
13028
12996
13020
13012
13024
13024
13024
13028
13032
13036
13108
13028
13100
13020
13048
13112
13068
13080
13064
13068
13040
13096
13072
13076
13076
13088
13096
13108
13072
13124
13076
13092
13084
13124
13076
13072
13096
13036
13028
13040
13012
13060
13024
13020
13008
13016
13024
13016
13036
13064
13020
13012
13100
13052
12988
12992
13032
13024
13004
13032
13016
13020
13004
13012
13100
13096
13004
13032
13052
13108
13164
13100
13124
13124
13084
13116
13096
13084
13104
13156
13072
13056
13020
13044
13032
13092
13060
13076
13044
13040
13092
13052
13044
13076
13032
12988
13020
13100
13024
13056
26144
13140
12996
13044
13036
13168
13064
13024
12992
13004
13028
13012
13036
13052
13036
13048
13044
13008
13012
13032
13104
13108
13048
13132
13040
13104
13032
13008
13024
13092
12996
13024
13084
13084
13064
13096
13092
13096
13112
13164
13088
13100
13124
13112
13072
13048
13000
12980
12992
13044
13036
12996
13012
13020
13032
13044
13140
13060
13128
13032
13000
13004
12976
13008
13040
13036
13156
13056
13000
13044
13016
13040
12988
13052
13052
13028
13032
13104
13028
13012
13036
13000
13044
13016
13000
13032
13044
13100
13052
13020
12996
12988
13044
13016
13016
13096
13016
13032
13028
13044
13036
13084
13016
13040
13020
13044
13020
13000
13080
13044
13028
12984
12988
13028
13076
13044
12980
13004
13092
13112
13096
13120
13096
13052
13076
13096
15808
13212
13124
13120
13072
13068
13092
13112
13104
13112
13068
13076
13088
13144
13076
13100
13084
13108
13092
13176
13052
13060
13076
13088
13116
13068
13068
13084
13080
13068
13076
13052
13084
13080
13140
13084
13112
13104
13172
13116
13096
13100
13124
13084
13128
13176
13124
13132
13084
13048
13172
13172
13084
13056
13072
13076
13096
13136
28232
13272
13092
13056
13084
13112
13096
13112
13136
13092
13108
13116
13044
13092
13080
13048
13196
13160
13080
13200
13100
13104
13104
13104
13072
13096
13112
13076
13080
13072
13140
13064
13056
13076
13084
13048
13072
13068
13076
13072
13204
13112
13076
13092
13104
13128
13084
13092
13072
13044
13084
13160
13124
13096
13072
13072
13052
13104
13096
13076
13060
13084
13088
13036
13052
13072
13024
13052
13044
12980
13020
13052
13088
13112
13096
13112
13092
13080
13096
37739
12529
12529
12542
12600
12500
12563
12538
12571
12554
12509
12542
12513
12525
12538
12521
12529
12500
12475
12467
12459
12538
12471
12471
12492
12471
12475
12479
12495
12475
12496
12446
12479
12483
12492
12504
12458
12496
12495
12479
12533
12471
12500
12550
12450
12479
12471
12479
12483
12516
12500
12529
12496
12492
12475
12479
12496
12475
12467
12529
12504
12475
12471
12467
12492
12471
12479
12479
12480
12500
12504
12496
12496
12467
12479
12496
12471
12492
12521
12475
12504
12496
12467
12475
12458
12467
12463
12454
12483
12492
12492
12500
12483
12500
12491
12496
12492
12480
12542
12513
12487
12500
12500
12458
12438
12434
12475
12488
12479
22566
12529
12541
12558
12584
12604
12575
12575
12591
12525
12550
12608
12667
12566
12546
12546
12525
12563
12583
12604
12521
12550
12546
12596
12558
12550
12541
12525
12525
12558
12555
12529
12563
12550
12475
12487
12462
12434
12525
12458
12484
12467
12467
12479
12466
12513
12483
12508
12492
12530
12500
12500
12484
12496
12509
12504
12496
12558
12479
12475
12450
12504
12487
12471
12450
12479
12492
12491
12516
12509
12529
12479
12509
12483
12491
12491
12600
12558
12546
12542
12521
12566
12542
12567
12546
12542
12559
12604
12546
12567
12533
12555
12545
12545
12529
12595
12558
12591
12542
12567
12521
12525
12545
12516
12537
12537
12529
12533
12587
12529
12554
12546
12579
12562
12516
12571
12521
12533
12579
12608
12575
12534
12525
12521
12508
12567
12554
12521
12508
12542
12537
12558
12600
12546
12625
12616
12566
12542
12508
12521
12579
12467
12483
12500
12479
12491
12487
12500
12475
12475
12483
12525
12562
12554
12600
12583
12550
12496
12525
12545
12550
12558
12567
12533
12530
12529
12533
12534
12533
12562
12525
12546
12659
12542
12538
12533
12525
12566
12541
12550
12555
12541
12558
12608
12579
12563
12521
12521
12480
12563
12520
12587
12550
24184
12604
12529
12587
12620
12592
12558
12579
12567
12542
12554
12504
12467
12487
12500
12480
12491
12475
12475
12470
12504
12484
12458
12496
12516
12491
12471
12500
12459
12504
12483
12458
12492
12583
12559
12554
12525
12512
12525
12617
12538
12525
12554
12600
12558
12529
12546
12554
12571
12584
12533
12541
12537
12554
12550
12496
12496
12471
12462
12455
12550
12483
12480
12454
12470
12479
12483
12517
12496
12517
12483
12500
12479
12488
12504
12504
12475
12479
12550
12462
12517
12504
12496
12471
12496
12488
12533
12546
12562
12537
12525
12525
12554
12525
12534
12554
12534
12529
12509
12579
12504
12504
12500
12517
12509
12475
12537
12509
12513
12500
12529
12471
12521
12500
12500
12483
12496
12508
12504
12558
12512
12471
12463
12454
12508
12475
12483
12463
12492
12500
12504
12488
12517
12463
12492
12508
12458
12441
12450
12520
12496
12508
12505
12471
12491
12471
12479
12446
12504
12483
12537
12542
12563
12546
12559
12559
12517
12550
12579
12563
12563
12488
12471
12491
12467
12475
12484
12471
12475
12458
12492
12492
12500
12479
12484
12492
12500
12538
12458
12445
12462
12483
12441
12487
12496
12459
12496
12454
12513
12479
12479
12442
12475
23650
13208
12529
12500
12584
12550
12479
12520
12488
12441
12441
12496
12483
12491
12454
12517
12492
12492
12467
12513
12467
12479
12495
12483
12563
12492
12463
12504
12480
12483
12458
12458
12488
12471
12475
12463
12475
12437
12496
12521
12467
12483
12513
12559
12550
12558
12521
12567
12550
12550
15600
12588
12695
12629
12604
12559
12542
12525
12525
12550
12600
12529
12504
12529
12554
12538
12584
12617
12575
12555
12616
12537
12538
12550
12605
12504
12520
12541
12529
12566
12566
12571
12533
12525
12558
12595
12541
12633
12609
12580
12550
12575
12562
12546
12550
12554
12571
12538
12542
12567
12525
12529
12534
12521
12517
12559
12604
12542
12534
12592
12555
12546
12562
12554
12525
12508
12555
12571
12541
12546
12550
12512
12496
12554
12529
12550
12504
12558
12616
12533
12559
12571
12538
12567
12554
12562
12496
12537
12604
12570
12558
12559
12508
12562
12546
12529
12525
12588
12538
12579
12550
12566
12550
12533
12542
12563
12509
12492
12579
12550
12550
12546
12533
12534
12567
12575
12545
12537
12516
12558
12542
12488
12500
12512
12484
12496
12470
12483
12463
12488
12504
12550
12559
12555
12542
12571
12517
12554
12525
12530
12525
12546
23755
12571
12529
12550
12541
12562
12558
12546
12546
12508
12525
12496
12450
12496
12479
12483
12484
12475
12450
12525
12492
12492
12479
12504
12484
12471
12470
12500
12442
12458
12450
12441
12504
12492
12462
12450
12487
12467
12488
12484
12521
12513
12462
12487
12483
12480
12500
12542
12488
12467
12500
12504
12500
12488
12483
12487
12463
12467
12430
12534
12508
12462
12471
12463
12479
12484
12517
12462
12525
12500
12509
12496
12492
12512
12513
12491
12483
12554
12471
12492
12487
12500
12475
12475
12483
12475
12500
12496
12483
12455
12479
12458
12488
12492
12458
12446
12487
12529
12475
12455
12475
12454
12496
12462
12459
12492
12538
12542
12558
12563
12558
12558
12562
12517
12558
12537
12629
12584
12563
12579
12541
12500
12484
12529
12525
12529
12525
12517
12567
12562
12558
12600
12533
12529
12630
12566
12492
12538
12554
12492
12504
12504
12475
12491
12483
12487
12446
12504
12483
12467
12500
12513
12504
12508
12554
12458
12471
12487
12488
12483
12504
12508
12500
12467
12483
12470
12483
12480
12450
12500
12458
12495
12500
12625
12537
12483
12492
12492
12488
12496
12525
12533
12562
12521
12525
12512
12533
12546
12537
12525
12537
12521
12613
21312
14104
12566
12575
12529
12583
12604
12546
12567
12675
12545
12546
12533
12537
12525
12534
12541
12541
12504
12554
12642
12550
12596
12633
12538
12521
12546
12520
12521
12541
12562
12566
12537
12529
12521
12550
12516
12558
12521
12587
12567
12563
12546
12550
12541
12546
12588
12550
12554
12542
12550
12575
12558
12487
12454
12450
12467
12454
12513
12546
12488
12471
12434
12558
12538
12542
12579
12534
12554
12567
12554
12554
12555
12596
12558
12567
12567
12529
12562
12617
12558
12525
12538
12550
12621
12546
12567
12546
12562
12546
12579
12534
12521
12542
12567
12509
12555
12538
12579
12567
12555
12550
12513
12541
12529
12588
12546
12554
12533
12587
12563
12550
12521
12529
12554
12584
12554
12516
12571
12463
12430
12471
12505
12462
12471
12462
12467
12480
12483
12517
12500
12517
12513
12496
12492
12487
12500
12566
12541
12533
12537
12542
12571
12550
12550
12525
12550
12533
12605
12542
12563
12550
12575
12534
12546
12558
12558
12591
12571
12500
12504
12500
12484
12492
12467
12496
12471
12455
12500
12470
12504
12459
12496
12484
12496
12492
12500
12533
12484
12496
12470
12496
12496
12467
12467
12429
12491
12479
12475
12462
12429
12550
12529
12550
14746
12621
12562
12570
12596
12533
37299
12084
12012
11992
12032
11964
12004
12012
12004
11996
11988
12004
12020
11972
12012
11988
12024
11984
11964
12040
11984
11988
11984
11972
12024
11992
11980
11952
11972
11984
11972
11952
11996
11972
12012
11980
11988
11968
12012
12052
11980
11988
11936
11972
11968
11984
11956
11948
11968
11952
11996
11968
11988
11972
11936
12048
12052
12048
12140
12080
12044
12068
12028
12036
12048
12040
12000
11988
12000
11972
11992
11988
11988
11968
11976
11996
11992
12052
12016
11988
12008
11984
11960
11972
11940
11948
11944
11996
11980
11984
11992
12008
11972
11992
11972
11952
12056
11976
11972
11976
11988
11992
11996
11992
11980
11976
11988
12012
11992
12008
11992
12004
11948
11960
11996
11992
11980
12020
11960
12000
12004
11988
12028
11992
11964
12000
11996
11972
11984
11984
11992
12004
12004
11976
11972
11968
11968
12004
11976
11976
12036
12024
12048
12060
12084
12076
12012
12016
14820
12148
12056
12076
12064
12056
12024
12164
12028
12036
12012
12028
12044
12096
12036
12048
12048
12068
12064
12088
12068
12044
12032
12072
12156
12052
12064
12028
12020
12128
12052
12028
12028
12000
12036
12048
12056
12052
12136
12064
12056
12044
12052
21736
13640
12080
12028
12044
12076
12020
12164
12020
12036
12028
12032
12032
12152
12036
12104
12024
12088
12044
12072
12008
12008
12116
12068
12060
12068
12032
12020
12080
12076
12096
12020
12016
12036
12108
12052
12048
12116
12040
12100
12120
12048
12024
12032
12024
12212
12084
12036
12032
12012
12060
12116
12056
12044
12032
12040
12108
12048
12124
12080
12036
12068
12072
12048
12048
12036
12080
12040
12052
12052
12020
12056
12040
12040
12032
12028
12112
12040
12064
12004
12052
11992
12004
11980
12044
11992
11988
11968
12044
12076
12056
12024
12016
12020
12028
12044
12016
12048
12108
12044
12032
12020
12184
11984
12052
12048
12040
11992
12040
12052
12032
12004
12020
11940
11956
12000
11976
11956
11964
11968
12000
12044
12032
11980
12084
12028
11996
11972
11992
12012
12000
11976
12004
12008
11984
12016
11992
11996
11980
12000
11984
11976
12012
12020
11996
11976
11968
11968
12004
11944
11980
11988
11980
12016
11996
11960
11976
11952
12032
11980
12012
12064
12036
11964
11992
11992
12012
12032
11992
11980
11996
12008
12000
11984
11996
11992
11956
11964
12008
12016
11980
11984
11968
11932
12000
12004
12000
12040
11980
11952
11980
11996
11976
12004
12000
11988
11988
12048
11960
11976
11984
11976
21396
11988
11988
12076
12060
12188
12040
12100
12056
12088
11984
12036
12032
12064
12044
12044
12028
12012
12152
12036
12092
12036
12032
12028
12140
12052
12060
12056
12028
12060
12056
12044
12040
12052
12024
12056
11988
11996
11972
11964
11956
12048
11984
11980
11972
11968
12000
11984
12016
12008
12032
11984
12004
11980
12016
11980
12056
11996
11992
12004
11964
12060
12008
12004
11976
11988
11972
11988
11980
11996
12000
11980
11976
11956
11956
11960
11956
11976
12060
12088
12032
12024
12040
12020
12036
12032
12032
12036
12156
12044
12044
12064
12028
12044
12064
12048
12044
12028
12060
12164
12064
12052
12036
12012
12020
12048
12036
12016
12020
12032
12052
12052
12088
12036
12140
12056
12068
12052
12032
12136
12156
12032
12056
12052
12004
12044
12020
12108
12028
12044
12064
12080
12092
12040
12052
12024
12032
12000
12096
12104
12056
12116
11976
11980
11960
11932
11972
11944
11992
11976
11956
11980
12028
12064
12048
12068
12032
12076
12048
12088
12004
12020
12104
12112
12108
12052
12048
12076
12008
12064
12052
12036
12016
12036
12052
12048
12064
12084
12036
12056
12048
12052
12056
12056
12116
12060
12048
12044
12000
12044
12008
12052
12008
12036
12032
12060
12088
12060
12044
12076
12088
21532
12092
12016
12064
12048
12128
11996
12000
11984
11960
11952
11992
11956
11976
11968
11984
11988
11980
12044
12004
11976
11972
11960
11952
11972
12020
12016
12044
12064
12024
12024
12012
12052
12044
12032
12028
12148
12044
12048
12136
12124
12080
12048
12036
12044
12020
12056
12048
12000
11988
12000
11972
12012
11988
12004
11972
12000
11984
11972
11996
12016
11980
11968
11984
11976
11984
11984
11956
11968
12000
12020
11968
11956
11992
12004
11996
11964
11964
11972
12020
12040
12036
12048
12036
12048
12044
12040
12036
12052
12068
12072
11984
12000
11988
12068
12000
12024
12020
12000
11984
12020
12004
12000
12016
12012
12024
12012
12008
11980
11988
12000
12012
11992
12060
12004
11972
11988
11972
11976
11988
11992
11976
11972
12000
12000
11988
12004
12000
11964
11972
11988
11988
12020
11984
12028
11996
11952
11976
11988
11976
11964
11960
11984
12024
12044
12052
12044
12068
12044
12028
12048
12076
12020
12072
12052
11988
11956
11952
11948
11956
12036
11984
11984
11972
11984
12000
12004
11988
12016
11988
12004
12028
11948
11964
11964
11952
11988
11988
12012
11944
11992
11972
11976
11988
11992
11964
11980
11992
12004
11992
12056
11976
12004
11944
11940
11956
11980
11996
12000
12004
11988
19688
13568
12008
12020
11968
11984
11960
11996
11988
12036
11996
12016
11956
11988
11996
11944
11972
11992
11984
11956
11964
11968
11956
12004
12024
11960
11944
11960
12024
12052
12044
12072
12032
12052
12032
12044
14688
12192
12112
12064
12056
12072
12028
12036
12028
12036
12020
12040
12040
12096
12032
12048
12076
12056
12056
12012
12136
12036
12016
12040
12064
12088
12056
12028
12040
12048
12040
12028
12036
12056
12092
12076
12052
12060
12024
12048
12080
12032
12044
12024
12100
12112
12068
12104
12016
12048
12060
12072
12036
12016
12024
12028
12048
12072
12044
12064
12040
12112
12064
12004
12020
12056
12076
12036
12052
12032
12028
12096
12024
12096
12020
12024
12036
12088
12036
12064
12052
12072
12024
12016
12052
12048
12048
12036
12088
12028
12016
12028
12036
12016
12040
12024
12020
12040
12080
12072
12104
12044
12104
12072
12036
12172
12052
12060
12056
12104
12068
12108
12032
12016
12016
12048
12092
12032
12016
12036
12104
12004
11988
12016
11988
11988
11996
11992
11988
12016
12048
12064
12044
12060
12044
12036
12048
12032
12020
12160
12064
12040
12024
12064
12004
12024
12044
12004
12028
11996
11984
12020
12012
11996
11956
11948
11980
11964
12060
11960
11964
11976
11980
11988
11996
23412
12076
11984
12008
11984
12000
11988
11996
11972
12016
11996
11984
11932
11976
11976
11984
11952
11980
11972
11980
12056
12012
12080
12072
11992
11992
11980
11984
12000
11976
11968
11984
11992
11964
11980
11968
11976
11980
11972
11984
11968
12044
12036
11996
11996
11968
11980
11996
11972
11992
11984
11980
11968
11976
11964
11952
11972
11992
11968
11956
11972
12020
12004
11980
11996
11988
11996
12000
11976
11984
11996
12008
12008
11992
11956
11952
11968
11956
11992
11976
11972
12020
11936
12056
12032
12036
12152
12088
12072
12052
12016
12020
12056
12104
12076
12052
12048
12036
12028
12024
12032
12084
12032
12056
12100
12100
12056
12028
12040
12100
12120
12044
12040
12032
12036
11968
11988
11992
11976
12008
11972
11992
11956
11960
12000
11972
11996
11988
11992
11972
12016
11984
11980
11984
11988
12012
12008
11996
12000
12020
11976
11956
12000
11976
11968
11968
11976
12000
12000
11988
12008
11964
11972
12004
11960
11988
11992
12116
12032
12012
12148
12032
12060
12040
12064
12044
12040
12056
12100
12044
12068
12032
12048
12092
12128
12028
12052
12112
12036
12056
12064
12040
12028
12032
12012
12052
12036
12028
12056
12096
12060
12040
12044
12052
12052
12052
12044
12104
12048
12116
12164
22540
12088
12016
12004
12024
12176
12068
12028
12044
12044
12068
12056
12096
12044
12064
12040
12024
12024
12040
12104
12056
11992
11988
12000
11972
12012
12036
12044
11972
11996
11988
12024
12056
12052
12048
12032
12032
12012
12092
12028
12068
12048
12056
12088
12044
12028
12012
12044
12056
12044
12020
12040
12092
12052
12048
12044
12068
12084
12048
12096
12052
12048
12056
12096
12024
12040
12036
12012
12020
12044
12024
12036
12048
12028
12040
12048
12100
12040
12128
12012
12108
12108
11992
12052
12040
12116
11952
11976
11968
11988
11968
11988
11976
11972
11984
11972
12000
12052
12000
11972
11968
12000
11972
11944
11972
11944
12044
12040
12032
12000
12104
12024
12108
12096
12028
12052
12084
12040
12144
12112
12064
12072
12080
12096
12048
12040
12076
12048
11996
12000
11976
11968
11956
11992
11976
11984
11968
12024
11984
11996
12016
12012
12016
11980
12000
11980
11988
12004
12004
11972
11980
11996
11964
12016
12008
11996
12032
11964
12060
12036
12092
12060
12092
12064
12040
12052
12036
12016
12060
12076
12068
12020
12016
12016
12000
12060
12008
12000
11992
12004
12024
11988
11976
11992
12020
12004
11996
11972
11988
11980
12012
12008
12000
12000
12016
11964
11956
12008
11976
11960
11964
23084
12372
12008
12068
12004
12036
12012
12064
11996
11984
12000
12012
11992
11984
11996
11972
12000
12016
11988
12024
11968
11984
12032
12040
12076
12032
12048
12108
12136
12044
12048
12112
12060
12020
12028
11992
11980
11984
11980
12036
11972
11964
12004
11992
11984
11960
11996
11984
11996
12000
11952
11956
11952
11980
11956
11984
11996
12036
12000
11960
12016
11980
11984
11968
11968
12008
12004
11988
12016
11988
11988
11996
11984
11976
12004
11948
12036
11984
11992
11960
11988
12000
12028
11976
11976
11984
11980
11996
12008
12000
11968
11976
12004
11944
11952
11956
11960
12040
12000
11984
11964
11952
11952
11988
11968
11976
11996
12020
12036
12036
12048
12060
12080
12020
12040
14804
12096
12080
12252
12068
12068
12040
12016
12000
12052
12036
12012
12028
11984
12056
12068
12052
12072
12040
12104
12048
12104
12008
12032
12108
12064
12044
12032
12028
12052
12064
12060
12080
12044
12044
12084
12052
12076
12036
12084
12036
12064
12072
12016
12064
12020
12052
12052
12024
12024
12036
12000
12036
12036
12032
12040
12128
12044
12100
12040
12048
12084
12052
12044
11980
12020
12036
12092
12056
12044
12056
12020
11996
12072
12048
12016
12028
12020
12080
12048
12048
12080
12036
12056
12052
23364
12108
12036
12232
12100
12056
12064
12040
12048
12040
12064
12020
12024
12032
12088
12028
12060
12104
12044
12092
12044
12040
12088
12044
12016
12036
12064
12040
12048
12008
12036
12032
12024
12080
12104
12032
12068
11980
11992
12024
12008
11988
11988
12000
12000
11988
12036
12044
12068
12028
12012
12016
12040
12048
12024
12024
12020
12108
12052
12036
12068
12112
11964
12032
12012
12080
12008
12024
11996
11952
11968
11960
11988
11988
11976
11956
11984
11960
12040
12004
12004
11984
11972
11972
12000
11944
11960
11952
11944
12004
11992
11964
11952
11976
11956
12004
11984
11968
11972
12028
12000
11996
11976
11996
12044
11992
11968
12000
12008
12004
11992
11984
11984
11964
11976
11956
11980
11944
12000
12008
11968
11996
11992
11984
12040
11988
11944
11980
12000
11984
11992
11988
11992
12020
12004
11952
11992
11972
11976
12004
11972
11964
11968
11992
12016
11984
12024
11984
11960
11972
11988
11976
11984
11972
12028
11992
11976
11952
12024
11992
11956
11972
11992
12020
12024
12052
12036
12076
12052
12044
12048
12060
12036
12052
12080
12060
12032
12048
12080
12008
12044
12020
12032
12020
12016
12064
12060
12056
12096
12032
12052
12112
12064
11992
12072
12056
11996
12008
12004
12032
11992
19428
13736
12020
11964
11992
12000
11988
12016
11988
12024
12100
11960
12028
11968
11988
11952
12000
12024
12036
11984
12044
11976
11992
11976
11956
11972
11956
12000
11964
11996
11984
11992
12004
12004
11992
11948
11980
12068
12068
12076
12020
12016
12032
12060
12092
12024
12036
12020
12052
12052
12084
12056
12072
12052
12052
12032
12028
12088
12116
12056
12068
12040
12080
12112
12036
12048
12044
12036
12036
12072
12052
12060
12052
12036
12024
12052
12024
12056
12036
12056
12064
12080
12040
12020
12036
12032
12056
12020
12068
12088
12088
12028
12036
12040
12036
12068
12068
12100
12040
12040
12140
12104
12016
12008
11972
11932
11976
11976
11984
11952
11952
11968
12044
12052
12088
12044
12096
12104
12044
12036
12112
12120
12112
12040
12048
12052
12032
12036
12084
12020
12012
12020
12036
12096
12048
12060
12052
12036
12076
12044
12048
12000
12032
12060
12072
12044
12020
12020
12024
12036
12052
12020
12012
12048
12056
12068
12032
12104
12076
12044
12064
12060
12060
12068
12052
12060
12032
12000
12020
11944
11940
11976
11988
11968
11984
11968
12000
12044
12012
12008
12016
12012
12012
11980
11988
12012
12040
12024
12032
12052
12044
12052
12060
12100
12036
12196
12016
12084
12040
12068
12044
12032
21088
12128
12020
12116
12128
12068
11984
11996
11992
11976
11952
11972
11992
11968
11956
12000
11972
11996
11980
11992
12024
12016
11968
11968
11996
11984
11996
11996
11992
12000
11996
11956
11956
12000
11964
11984
11964
11936
12096
12044
12048
12056
12040
12060
12068
12048
12032
12060
12128
12012
12004
12024
12000
12012
12008
12044
12000
11996
12060
12036
11972
12012
11988
12024
11984
11964
11992
11984
11988
11984
11972
12024
11992
11980
11952
11972
11984
11972
12020
11988
11980
12012
11980
11988
11968
11996
12000
11976
12004
11936
11972
11968
11984
11956
11948
11968
11952
12048
11980
11952
11980
11972
12044
12056
12088
12052
12068
12044
12076
12044
12044
12060
12036
11996
11984
11996
12020
11996
12004
11988
11948
11992
11992
11980
11952
12000
11988
12008
11984
11960
11972
11960
11960
11952
11980
11980
11984
11992
12048
11972
11988
11972
11960
12004
11972
11996
11980
11992
11968
12008
11992
11988
11996
12000
12012
11952
12004
12004
12044
11976
11956
12016
11988
11972
11972
11984
12000
12004
11992
12028
11996
11972
12012
11960
11980
11984
11988
11996
12008
12004
12032
11972
12040
11968
11960
11976
11980
12024
12080
12048
12048
12048
12052
12000
12016
15908
12052
19952
13808
12064
12056
12048
12148
12088
12036
12012
12028
12044
12096
12036
12048
12048
12068
12064
12068
12040
12096
12056
12040
12092
12052
12068
12032
12020
12004
12052
12028
12028
12000
12036
12048
12056
12052
12076
12060
12048
12116
12064
12036
12068
12076
12044
12044
12076
12040
12048
12064
12052
12028
12036
12036
12108
12032
12064
12036
12160
12120
12112
12120
12020
12072
12056
12068
12056
12016
11996
12056
12052
12072
12020
12024
12024
12096
12060
12092
12056
12044
12052
12068
12052
12028
12036
12024
12100
12088
12088
12016
12016
12004
12044
12052
12040
12028
12088
12052
12044
12088
12056
12072
12072
12072
12048
12048
12036
12120
12048
12052
12048
12040
12060
12056
12056
12084
12036
12020
12068
11996
12004
11992
12012
12012
11960
11984
11992
11988
11968
12044
12076
12056
12024
12076
12028
12028
12044
12016
12048
12100
12012
12036
12068
12048
12100
12076
12040
12012
12040
12052
12076
11996
11968
12024
11960
11940
12004
11988
11980
11952
11976
11984
11992
11996
12016
11988
12000
11996
11996
11972
12008
11992
11988
11996
12048
11972
11992
11964
11976
11972
11976
11984
11976
11996
12020
11996
11972
11964
11964
12004
11980
11952
11948
11980
12068
11964
11956
12000
11984
12016
11984
11980
19968
12004
11996
11988
12016
11980
12136
12056
11984
12000
12012
12004
11988
11996
11992
11956
11960
11932
11988
12024
12032
11944
11976
12000
12004
12004
12036
11980
11948
11976
11992
11976
12004
11988
11996
11952
11976
11972
12024
11956
11976
11968
11940
11988
12020
12052
12064
12048
12056
12024
12048
12020
12024
12052
12056
12072
12064
12044
12068
12048
12020
12088
12044
12024
12020
12112
12048
12044
12052
12052
12076
12056
12040
12040
12040
12068
12044
12080
12000
11976
11968
11956
11992
11976
11984
11968
11932
11988
12004
11988
12020
11984
11964
11992
11960
11952
12060
11988
11996
11984
11988
11976
11996
11988
12008
11972
11988
11968
11984
11984
12000
12000
12040
12036
11996
11988
12048
11972
11980
12044
12060
12040
12016
12040
12032
12048
12044
12052
12036
12084
12052
12040
12064
12032
12036
12080
12088
12020
12024
12052
12080
12072
12052
12036
12012
12016
12060
12060
12024
12040
12060
12052
12052
12092
12036
12144
12020
12048
12052
12000
12044
12068
12036
12052
12056
12040
12048
12048
12028
12032
12008
12036
12116
12112
12064
12048
12164
12052
12040
12052
12048
12048
12048
11988
11972
11992
11952
11976
11956
11964
11960
11960
11988
12044
12048
12124
12052
12052
12048
12064
12048
22272
12348
12244
12164
12064
12076
12044
12028
12028
12052
12036
12044
12016
12048
12048
12052
12052
12036
12048
12096
12052
12028
12040
12032
12080
12052
12052
12048
12040
12056
12076
12032
12016
12020
12116
12084
12044
