205500
206084
207940
208432
207328
207424
205508
206724
204452
206832
206224
205468
214492
206500
206304
206900
207356
205764
205492
205716
206048
204260
206652
207456
214028
205512
208068
205972
204308
207636
206164
207952
209296
204312
206400
206704
212132
208024
204960
206864
208876
204928
205716
206228
204884
204900
206316
206088
214376
206968
205024
206240
206736
208212
206776
205736
206576
205576
206540
208396
211008
204296
207048
206056
207320
209416
206124
207904
206572
206564
208956
207212
212956
207468
206436
205684
208668
206400
206476
207012
202656
205456
204896
205832
216392
208616
206048
209220
206076
202700
207820
203456
206832
207724
207124
207192
202352
221600
205124
207076
204948
206884
206760
204136
207060
206300
207948
207000
205184
214520
208264
207412
207680
206712
204288
206764
205636
204380
207584
205464
207000
217152
206132
206452
205004
205692
207912
207124
205548
204836
205188
207980
205492
215264
206696
205144
204760
207568
207316
206296
209156
208884
205700
207464
204888
219068
205228
207372
207824
202404
206188
205708
205248
205620
206228
203960
205636
218516
209132
208212
206036
206792
205732
207916
202740
207264
206824
207272
206208
216156
206252
206772
207212
204004
206756
206616
206616
208620
208068
205988
207468
212912
208484
205896
207604
205888
205440
205648
204960
208204
206212
208692
205004
217340
205080
206080
204968
205940
206668
204752
205856
206224
206324
207524
203016
215020
206940
206488
206600
207024
205156
206080
205360
207272
206896
203484
207912
213772
206448
206008
204428
205060
208128
205564
207652
204856
206912
205328
206696
218056
205076
203764
206468
208436
205216
205668
205232
207028
207220
205220
206376
213624
202668
205792
204732
208308
205972
205336
206296
204752
207620
204812
209096
211264
206200
206468
208416
204548
208408
206440
205032
205948
203840
207264
206916
212980
206616
207148
206064
206104
204720
206384
207512
203200
208364
206904
206140
213368
206548
203828
207000
204524
207608
207004
204364
207296
205868
206304
204176
213276
205624
207392
205268
207516
204716
208000
207032
202872
209288
205508
207660
212724
206376
203556
206648
204076
208668
207268
206144
208048
205224
204796
204980
205712
215084
208208
206092
205572
205456
208032
206352
205640
206636
206996
203952
205892
213120
206616
206860
206576
207960
206132
205104
207036
204392
207532
207136
206040
212804
207576
207640
205208
204892
204556
206500
205804
207524
204428
206408
203036
216704
205300
206096
206032
206132
207292
206296
205512
205428
205440
204804
206408
214076
208072
206616
206316
203496
204852
205608
207040
206280
205412
208040
206228
211212
206816
207436
204488
206932
206140
206096
207412
206336
207184
204068
205156
215092
204248
204276
206204
205652
208592
206404
208688
206600
206448
204296
204492
214948
207524
207076
204112
207288
204152
207100
204732
207980
204452
204448
204708
212920
205468
206936
205724
206700
206452
203648
207860
206424
207384
206848
201760
212424
206160
205472
207280
204700
206192
206084
206872
206624
204964
205864
203324
216084
208832
207712
204992
206404
205820
206680
205896
205348
207484
204856
207092
214920
206772
207060
205668
205556
204296
208624
204960
207372
203408
207152
203632
217420
204648
207892
203764
205740
203128
207860
203852
206596
206540
205812
207728
214744
208308
207764
207368
209080
204900
205388
207796
207076
205756
203076
205548
205896
216476
207304
206472
206556
204764
205900
203424
206496
207892
205308
202176
208056
216200
205128
207344
206992
206180
206064
205016
206764
208208
206276
205200
205944
213964
205592
207552
205052
206764
205076
207564
206760
204628
206828
205928
206188
213292
205788
204648
208224
203532
208212
207396
207612
206788
204152
206580
206488
215636
206460
207444
205240
205940
208480
205952
204948
206064
208184
206996
203836
213968
207720
204516
205776
206112
205276
204824
203520
207820
204344
206992
202868
213264
207156
205960
207456
207228
205504
207688
209160
205048
207316
204084
206080
214588
208076
205288
207872
204192
207932
205700
206432
207232
203736
206444
204788
210964
206736
205284
205996
205524
205372
205276
206776
206016
207144
204516
206944
214524
205940
209284
207308
204780
207316
203520
207388
207172
205060
206980
204572
212192
209092
206524
207016
205408
206400
208020
203300
207256
205868
206436
207000
214028
205276
205640
205852
206384
206968
205356
206244
206204
400180
205016
218384
207320
205840
206440
204024
206768
205652
207900
207000
203928
207644
203188
216192
204568
208676
204572
204912
204356
207924
205692
207768
207120
204844
203132
214240
205828
206888
207936
206348
205388
204600
204564
205300
205420
205148
205896
213944
202940
206876
206784
207092
207464
203980
204988
207564
207104
204568
206112
215124
208672
207180
206304
206072
206628
205796
206988
206072
204680
205136
208000
214500
207452
204204
205828
203064
206732
208152
205480
208208
205688
204772
207560
212372
205664
208484
205756
203172
205020
205244
204404
207768
207272
206824
206068
212680
203964
205756
204460
205316
205160
201904
206024
207404
205992
202916
207632
205108
211148
208392
204648
206632
204512
205496
206828
205152
203760
205184
207516
205080
212632
207080
206712
205328
206604
205944
205448
204784
207700
206040
205180
206704
213140
206716
206876
207568
205928
204300
204876
203008
205580
206840
204772
204368
211800
203648
204896
204424
205116
205884
203872
203452
205708
206036
203772
203772
211972
206728
205508
203556
206948
204648
207288
204344
207524
204712
204516
206868
211656
204376
205512
205284
206292
201112
206496
207100
206736
203164
204396
200468
211724
202844
206108
202792
206624
207088
205132
204064
205252
205748
202132
205612
208180
206076
206416
205752
208300
203004
204844
205256
205920
206248
206352
205544
213268
203148
207172
203736
203432
204076
204180
205520
208688
202976
205232
202220
206400
210916
202600
203672
204500
206164
203252
203140
203540
203600
203420
206412
204244
212700
203564
206248
204256
203296
206712
202128
202400
206508
201244
205704
204008
212576
204720
202744
204680
204324
204296
201076
205508
203984
205172
205352
206796
212424
207044
203844
205288
204896
203288
206392
203444
204000
204776
202680
203028
211056
204184
204212
205132
202656
205076
203908
202240
208168
204112
204080
205276
203616
211540
206636
204796
204284
204916
205012
205380
203176
204028
206620
204400
204388
213936
202736
204812
201784
206172
202304
206712
206684
204352
201604
200112
205208
213140
202268
202932
202708
203896
203248
205200
200004
204676
204860
203872
201824
212756
206768
203220
201956
202556
203332
202208
204096
201056
207260
204700
203684
209640
205024
202600
202632
202792
203616
200924
205260
203176
201508
202376
202652
204548
209104
203324
205176
202664
204076
205192
205784
204800
202668
203764
205372
204124
211460
202348
205272
199360
202632
202764
203720
204988
204868
203528
203592
203764
212432
201964
205432
202196
203316
202812
205136
203628
202752
203800
202988
200892
209428
203748
203980
202992
202464
203396
205352
199432
204636
201412
206120
199492
213752
203200
204544
200464
204580
200640
205088
200052
203200
205820
203448
203564
202624
210512
204148
205040
203284
202544
201916
204164
203820
200240
202944
202876
203572
211076
202296
198792
204960
202408
199512
203448
200776
202104
202564
203280
204272
208880
202708
201276
205184
200720
200420
201340
202252
203528
199316
208500
204172
207680
214508
205752
206736
207232
204916
207592
205276
207508
204748
206328
210208
206352
212752
205244
205056
204992
207040
206500
206572
207112
206656
205184
206276
205628
212424
205884
208016
204940
207360
206648
203292
208784
205268
207700
205972
204108
215756
208180
206708
203788
207244
205248
207604
207388
204276
206016
204320
207312
216808
209024
204732
208248
207792
205804
206832
204884
207180
205772
204768
207308
214328
205788
210124
206108
205956
207180
208100
204400
206076
205260
206840
206836
214204
204636
209400
204856
204600
207980
206300
209032
207376
207432
207048
202900
214516
206492
204376
206856
208584
205000
206196
204600
208368
204564
204428
205440
215240
203912
205500
204692
206256
205356
206164
205088
205552
205676
203864
207708
214820
205168
203952
206492
208664
206016
205384
206096
203892
206768
204064
205480
217904
206648
205116
205224
205680
205516
206452
205348
206200
203868
207984
208628
212740
206644
208588
207860
206560
207824
207896
204992
206228
203888
205892
207120
212400
207604
205824
203764
205624
204856
208648
208152
204348
208144
204952
207924
214904
207160
205000
206624
204740
204252
205896
204832
206932
205276
205544
206636
215152
207284
205300
206108
207644
206540
206208
205720
204616
208092
205316
351380
208268
206236
206044
206780
207620
206908
207520
205660
205332
206052
205192
203732
213636
203940
205032
206296
209576
206428
204084
206812
204648
206676
205512
206056
211600
204400
206788
207024
203024
207224
204944
205976
202964
208396
208124
206316
215908
206680
208416
205280
206392
205212
203092
204560
207832
209248
207564
208808
215588
207124
205176
204512
203048
205660
208416
203292
206876
203912
207904
205888
215144
205432
206460
205164
207292
205092
206804
208520
203420
207324
203616
207620
214036
205088
207096
206752
206184
204468
204764
206436
203168
205296
205412
205440
214652
206536
205584
206548
205268
206000
209744
203592
206392
206880
207224
205912
209716
206440
205844
206616
206760
206268
205640
207760
206368
207272
204800
207068
215236
204336
206376
208852
206580
204036
205956
204076
207744
203364
206116
206112
214108
207088
206876
207628
207336
205008
205336
205812
205840
207972
206360
206052
212880
208292
205548
206260
204768
205860
205172
203736
206320
205688
206408
205744
213744
205088
204764
205996
206700
204740
205596
206544
205104
205204
206480
206328
210960
206820
203192
206240
205900
205112
207856
207984
205424
206548
205508
207332
205772
214000
206084
205272
203532
205404
205432
206848
202828
205860
202940
207188
206072
213124
204576
207836
206236
209988
205496
206440
206252
207348
205328
206548
205108
213828
206592
207272
205844
204920
206996
207040
203608
208348
205020
204852
204332
212120
208460
207888
206776
207240
205508
205436
206504
205228
207036
204524
208272
215292
205988
205124
206488
204776
206948
206784
204548
205252
204116
203352
205196
213724
206456
205068
205652
204796
205512
204428
207124
207200
205088
205312
204540
213832
207968
207388
207160
205768
205692
206620
209340
203072
205408
207068
206628
213648
207420
204688
207712
204152
207008
208840
205068
206180
206576
207456
206212
214300
205532
204368
203344
207544
203472
204768
206056
204424
205236
209100
208632
217688
206180
205056
207516
204404
205308
205140
206840
207152
205500
207424
207556
211204
205604
205952
203956
207384
205512
207096
207844
206320
205400
204536
207152
212276
206752
206000
207200
206040
205380
206368
207304
205464
203340
205648
205932
212140
207468
207044
206464
206144
205348
204364
205444
206544
206416
206016
202452
206064
213692
203868
206192
206492
205684
205364
206044
207352
206112
206140
206844
206368
215824
206432
206464
207352
206436
207512
204240
207288
206372
206744
207756
205372
215408
206420
205376
208696
204276
204936
206960
204516
204824
205740
206924
205912
209760
206512
207812
204496
208500
203348
206112
204348
206612
206400
205964
206204
213312
206564
207360
206312
205568
206240
205348
206336
203872
208168
208796
207028
217464
203688
206480
208492
207124
205732
204636
204760
205352
207060
206264
208268
214684
206556
204824
207632
204240
207304
206616
203984
203832
204980
205324
205772
211336
207676
205592
203536
206008
204944
205544
205404
205428
203488
206780
205272
211836
208536
205176
207060
207036
204708
209636
204640
207372
206796
206676
204648
212292
204308
204956
205140
204596
204652
205740
205908
205324
207472
207404
207312
211924
204588
206200
210208
205916
206852
205856
204700
204572
205768
207500
206080
217704
202996
207012
201372
207020
205596
206172
205320
204984
205592
207056
207816
215104
205292
206828
206336
204268
204592
205116
207076
206028
207336
206592
204704
206840
212724
205968
206656
204376
206052
204244
204068
207500
205912
207356
205736
208604
210412
204712
206036
206372
204964
205616
203436
203404
205800
207512
205060
206508
215596
205384
205440
206252
205980
203740
206292
207872
205924
204572
205228
203188
214136
208484
204240
205640
205956
207540
208128
204628
203728
204312
205920
204408
215412
205412
208200
205156
204012
204192
205060
205224
206592
205276
206472
205788
210800
205668
206720
204000
204420
205852
206840
206120
207836
205888
208464
207492
215244
207596
206092
204884
205332
207228
209048
204032
206660
203632
209300
207160
215308
205540
205112
203900
206908
205472
201964
204536
205044
208564
206200
207600
212528
206632
206336
206812
205824
205960
204908
208520
205080
206756
206884
206592
210240
207364
206272
206232
206912
205048
203784
205044
206868
207088
205552
206172
212792
203412
205700
205344
209796
207720
202692
205476
205400
207080
205124
206036
211992
204684
207208
203980
206096
203460
205100
202944
205232
204072
207412
207100
214576
204360
204840
205060
206008
204400
206632
208640
202796
206628
204356
207224
202872
214520
205440
202636
205800
206548
204828
204824
205392
205584
201716
205888
204264
213456
205464
204616
205180
203828
207292
208752
207168
208600
205416
206092
203872
209344
206612
203004
206080
204876
207748
207228
204376
205896
203460
204184
204608
212464
205964
203768
207360
204848
207736
205696
205136
208028
205520
204604
201732
213684
207476
202260
205040
207116
204420
206472
204744
206124
206368
206000
204204
210488
205380
206584
204644
203508
203412
204388
206192
204416
204080
203672
205532
212496
204136
203644
205484
203468
204960
205864
205724
205228
207752
205036
206172
211104
204680
207044
203624
206364
203900
201404
203852
203548
204448
206612
204556
205324
211332
204720
204256
205448
203748
205956
206896
208468
205132
206828
207448
203328
213832
204972
205300
204176
204424
207816
205792
204408
207604
204872
204000
205368
212844
203676
204112
203224
204960
205352
202768
202340
206580
204628
205932
204332
212764
203564
203652
205472
203332
206884
202932
205700
204424
204088
204908
204748
208828
205984
206952
203644
206348
204932
205228
202900
203428
203832
203312
205572
212724
206464
205068
206068
202920
206036
203864
205356
204720
208676
204412
203604
212796
206904
204472
205956
204448
207280
202712
206320
204268
202656
204432
206656
204232
210156
204216
203908
204580
203728
206228
205404
204396
204976
205956
203892
204984
212292
203336
206660
203232
205364
203164
205736
205228
206664
204708
201720
204268
209652
207772
204312
204696
203600
206764
203440
202644
202972
204608
201060
199960
213708
206436
203420
206000
206368
202232
204744
205248
205156
206132
207844
205268
213116
205616
205720
205632
206684
205816
207156
203932
207472
206588
205704
205484
213284
206528
206776
204836
207352
205296
204896
206052
203936
207688
207688
205524
214428
206820
206532
208920
206484
205464
206772
204068
205280
206568
206436
205432
216708
205888
206460
205860
206136
206948
204400
206084
207740
206140
205588
203464
215972
206428
206904
204368
205848
203948
203256
206432
207292
201772
207108
205532
207748
216632
204976
205584
206004
205268
206276
203984
206680
206516
205680
205212
203640
213836
206604
206416
205440
206396
206832
207548
203152
206728
204072
207328
206236
209900
204600
206516
203148
207568
205448
204028
205668
208736
208676
204396
208028
215268
205532
206800
204900
206212
205524
204976
202984
207756
206616
206564
205272
213736
205540
206440
207128
208044
205240
206640
205604
206112
208020
204328
206988
214700
203432
206596
204736
205012
206744
204756
204720
208116
207244
204064
206268
214404
207424
206492
208624
205388
204536
208100
206960
206296
205916
205528
207412
213576
205308
207660
204768
204356
207148
206880
206552
204796
207392
208448
205640
214304
204480
204116
205292
204924
206252
206840
204688
207204
205700
207164
207116
213532
205592
207232
204752
205788
205932
204404
205836
207424
205660
204736
206200
213968
204996
205932
206316
207516
208196
203576
206580
206264
203676
207072
206476
212740
205436
203072
207548
207540
205624
207412
204848
205788
207960
204320
207872
212468
206576
207840
207060
203844
206844
206296
206568
204964
205524
205084
205104
208576
213200
204700
205228
202804
205824
206452
209392
207016
206200
207580
206516
204732
213408
206320
205620
207612
206496
205892
207380
204908
204976
206580
204184
218340
204904
205236
205968
206184
204932
204080
205040
205300
206812
205244
206392
213604
206032
208428
206036
205596
208536
209080
207376
208512
203508
205076
206652
213124
205288
204148
203448
208256
204188
207768
204860
206592
205984
204984
207436
206664
214456
206020
205472
205732
208580
204096
208288
208208
207024
207420
206544
203868
214712
204736
204644
208076
203940
207160
207664
205608
206196
205260
206504
205484
215692
205464
204552
203160
207816
203356
208072
204920
206736
207136
204272
208188
213772
203764
205144
206548
207436
208304
204636
206880
206068
205636
207096
206636
212476
206240
207540
206740
205096
204844
207824
204452
204924
207624
204896
206424
211572
206392
206428
205848
205472
207192
205124
206952
204496
206936
206404
206572
213248
204000
202816
206676
206040
203528
205492
205824
205400
207628
207948
204092
213424
207788
205956
206768
206780
203292
207264
202492
208516
205468
204536
207584
213680
203548
206908
206128
205532
204640
205704
204920
203500
203100
202664
205160
213312
209008
208196
205304
206952
202368
205892
203536
207876
207648
205156
206276
216076
204488
205448
206780
204472
206472
206588
205412
204740
205248
205624
205744
215032
207492
204680
206900
206028
207912
206656
204388
206996
205836
205680
208444
213724
205640
210316
204728
205268
206496
205432
207228
208440
206692
207336
204852
206912
212380
203996
205868
208248
205452
206092
205076
209192
208192
206208
207756
205160
210384
206272
204284
203960
206836
206472
205772
206092
208408
205304
204588
207036
213888
204784
208188
208368
204408
206024
206640
207020
207520
205588
209712
206712
214084
207360
206020
204884
206420
208240
204128
204560
206532
206328
208760
205300
214052
205372
204128
207060
204920
206576
206856
206104
204520
208084
205876
206516
216080
206924
206492
207256
204280
205964
204860
206264
203884
207324
206476
205616
213172
209228
205148
206452
206964
202372
208192
204588
207256
204372
208228
204184
215876
205552
207384
203096
206840
204476
205988
207004
205444
206152
206208
205524
213700
202416
204916
205284
206600
207060
206204
208232
205684
205412
205740
206004
215860
206324
204096
205488
209096
204196
204292
206456
207136
204352
208012
207556
213120
205344
209684
206044
205776
207584
205164
205848
207800
206280
207760
204572
212688
207060
203992
205788
206484
204164
206592
204908
205880
204492
207272
207248
210448
206328
205952
208124
206744
205012
205840
207176
203196
206820
205676
206592
214356
204308
207044
207652
204864
208768
206296
204952
203792
206804
202728
205676
206284
215496
204496
205140
203640
206936
207104
204296
207284
205660
203672
206468
208128
213676
204660
205044
206696
205232
206668
208220
205240
205240
204356
206780
205184
215820
207216
204632
203700
202380
206096
206224
205268
206872
204220
207784
206564
211324
205856
205580
204668
205264
205668
204300
205836
207808
207744
204996
205408
213928
204556
206596
206960
206960
207024
204616
207708
206908
205864
207240
201576
216656
207060
205644
204232
203140
207076
208484
205780
207916
205072
205076
205736
216740
204152
207324
204764
206292
206164
205140
204232
203544
206924
203444
207668
215756
204580
205576
207704
204804
205624
204664
207184
202128
203488
205412
203764
212604
205784
203952
205800
207492
206240
205856
203956
206976
208812
204908
205476
213972
207424
205440
206980
203416
208020
206884
205960
207208
206440
206112
206228
214844
204644
206308
205224
209360
206152
205780
205404
208568
207012
207288
204356
215764
206996
206976
206392
205896
206020
206416
207600
206680
205500
205176
205800
215440
207248
205784
205508
204224
207444
205904
205540
207312
205060
205564
206316
207016
215352
207396
207396
204824
206288
205952
206608
206068
206108
204944
206712
206124
217800
203888
206188
206792
206224
206744
204256
206788
206948
205416
206176
206032
212868
205652
205244
206076
202056
205004
204752
204276
204808
206768
206708
204732
212648
205704
206712
208288
204100
205500
206408
206164
208208
204040
205816
201964
215448
205364
204192
203876
204208
206076
206776
204532
205944
205392
206268
204172
214868
205684
204956
207448
205816
206240
202272
204568
204752
205212
203268
205816
212728
204992
207432
203452
209836
205352
206336
206588
205532
204168
203624
208324
211372
207112
204164
205704
203452
205804
204424
206800
205476
205736
208776
205260
213760
204744
204544
205584
204956
206552
205468
206168
202444
205768
207368
204488
214880
206352
205576
208636
205524
201404
204676
205276
203516
205148
202784
205492
214008
205944
205724
204904
201472
205832
203140
206164
204604
207520
204488
206936
201292
213544
205928
204620
204720
205056
208468
206152
203008
206704
205892
206668
204456
212052
206028
207252
204524
205200
207160
203880
203628
204880
202916
203608
203896
212492
208980
205204
206868
205392
205392
207340
203792
204436
205416
204880
204572
211596
206836
205336
206944
202972
205600
206608
204720
207548
203688
204488
204096
211636
206308
203852
206736
202152
204324
203508
209436
203352
205180
203300
204208
214000
204932
207688
206256
205320
206360
204268
204152
204916
207132
205292
204084
212312
206900
205964
202300
204080
204372
205708
205240
206388
208476
204860
208216
210384
204528
207016
204036
205716
207108
203628
207748
204100
204036
203184
204592
203128
211952
205644
202828
204896
207292
204800
203892
209036
203132
205416
202192
206248
215352
199816
206332
204848
206804
204252
206028
203372
203748
203172
204744
204536
211912
205736
206004
206168
205896
204912
203120
202720
203176
206340
204136
206932
210744
205224
207304
203828
204320
200268
207816
204984
201228
206104
206164
204108
209948
205364
206932
204436
206084
204380
208004
204136
209436
206716
204040
206688
214524
205144
208956
206624
204360
206652
206192
206424
204716
204628
202552
206508
212316
208548
206096
207228
204096
206012
204496
205024
206976
204664
208268
205932
211720
205348
205340
208212
206688
207956
204364
204184
207088
204552
205548
205272
205008
212036
205456
206412
208084
206532
205620
206084
205124
207536
207972
205140
207696
213964
203844
207620
207060
203712
206816
204652
206040
205172
208300
206456
203540
215252
207076
206708
206700
203432
206556
206548
205824
207496
208652
205200
205320
215932
205368
204968
205416
205148
206328
204896
206604
205760
204660
204952
207344
211144
205828
207388
206896
204092
206292
205968
206060
207440
202612
207208
204520
212112
205608
203616
207324
205052
205992
205860
204760
205756
205092
207596
203456
213372
206644
203564
207668
203740
208616
206212
206520
205052
205368
205944
207400
214576
204880
207720
203728
206424
205928
209436
204908
204676
205876
207212
205140
216072
206376
204272
205920
205164
206664
207100
204340
208084
204348
206544
206312
209764
206820
203836
206220
209348
205936
209236
204572
204244
206848
204492
205240
212644
204740
206836
205796
208284
206316
203184
206228
205708
205716
206868
206392
213312
206728
206388
206076
206800
205072
204496
205976
204908
207596
205428
204640
213136
207408
204996
206756
206440
207324
206068
205596
209084
206308
203868
206692
204748
217980
204952
205580
204756
207808
208600
206060
206664
204652
207920
206868
203568
211884
207972
203724
208044
206076
207124
202956
205028
208420
205524
205184
204484
210788
205768
204704
206268
204960
206388
202604
205400
208224
204388
206300
203164
214288
206840
206608
205412
207000
203208
206316
204256
208020
206416
208940
207340
211836
206592
206656
205328
205152
206468
207340
206720
205720
207420
206468
203700
213708
205712
204108
206304
206476
206220
205084
205288
207952
205404
206732
207972
214472
205032
206628
204212
204696
208820
204448
206636
205348
206960
206268
204976
212964
207256
206328
208620
204204
209088
206412
204700
208004
206848
206580
206052
212116
204952
209680
204728
205844
207668
204432
206824
206304
206092
207676
204764
215120
206652
206508
206432
203880
208780
206432
203436
205096
205792
205872
206880
213624
205600
207044
205612
206452
207088
203772
206620
206484
207896
206392
204876
213264
206840
204372
207048
205496
206208
208752
204260
207060
205844
205324
207164
212844
205032
205076
203728
204072
204804
209876
205212
207000
206508
204852
208096
205072
214384
207012
207600
205612
206232
205304
205976
208652
204848
204724
206980
214508
206276
206352
204792
207688
206712
203996
207620
207724
203188
207804
205656
204496
215080
205532
206172
203760
203744
203924
203728
205812
206352
206712
205472
207984
212528
204616
203476
204548
208844
205792
207000
206872
203096
207168
204344
207080
212668
207328
203632
207976
204648
206364
203944
206352
205336
205252
206896
203688
214400
205508
204764
207380
204104
207500
203908
208484
205116
206656
206976
207716
214388
202900
205464
206232
207236
204160
207236
207904
206128
207404
204352
207640
216232
204884
205940
206828
207040
205344
207100
204460
206932
204988
207060
206328
212724
206484
206544
207236
205556
202560
206296
207544
203652
208016
205436
206636
210996
209520
205848
206540
203804
207640
204504
205500
207020
207840
207948
204168
216952
208040
207000
204324
207332
206216
203656
209436
204856
205764
207484
204760
214620
206120
205020
205868
204680
204604
204976
207832
208212
206352
207504
205644
213944
206356
206368
204884
206016
201764
205964
204908
207604
206144
204660
207620
213620
205264
207004
201952
207648
205616
206244
206216
204264
208392
208464
205124
214668
204816
204920
204580
206056
207732
204908
205468
205144
204772
205368
202980
206380
212124
204228
209132
205284
205556
205664
203652
207300
205796
204844
204288
204144
213384
204492
206796
205164
205924
205828
206752
205316
204972
205544
205824
207580
212744
205788
204440
207684
206044
206016
204100
204992
207672
206836
207596
205612
212556
207372
206828
204508
204960
204536
204860
204772
206156
207324
206324
209400
212824
205316
206440
207932
203080
206452
203884
206688
203960
207016
204892
207740
211996
207068
204452
207476
204564
206616
208116
206328
207492
204560
207564
206868
214996
204464
208072
205452
206128
204124
205036
202520
207036
207504
205356
204556
212704
205656
204792
205924
207612
206160
204932
207988
204580
204400
203488
206048
211184
205904
206504
204280
207180
207344
205028
205196
205588
207488
202820
207744
213420
207208
204452
206408
206192
207632
208560
205384
207524
202808
204172
202788
213404
207088
206668
205660
205948
207424
206768
207804
206124
205960
206180
207872
203812
214868
203832
207672
202836
207084
208036
204288
206008
204364
206112
204940
206708
214368
203872
208888
204816
205656
207072
203248
207072
207492
206324
206468
203992
214268
205136
204152
207604
205880
205620
205528
206960
207208
203104
207572
203588
214108
207576
206324
204452
207344
205316
208752
208300
204488
205276
205048
206092
212688
206140
206240
207500
206220
204852
205500
206068
207516
204172
205948
206748
215360
203880
203720
206708
205308
205292
206592
203280
206272
203728
205900
205772
213916
206172
203432
205944
208556
205144
205820
205428
204392
203680
204404
203552
212100
206284
203908
207648
206468
204272
207096
205672
206584
205848
203676
202272
214608
206696
203404
206372
204212
207356
205832
206272
205804
203156
206692
205768
216288
204948
206400
205508
206744
205896
206124
205772
206456
206800
207680
204612
211444
203428
205516
207284
205256
206964
206616
206020
205024
205196
205976
205056
208632
215644
203512
205924
206808
205380
208668
205012
207680
205908
204276
207980
206600
215496
206584
205728
204452
207592
205292
206832
207236
203052
204428
205776
206180
215944
204700
204616
203704
205128
205932
206048
207440
203872
205192
204580
204608
212984
205440
206548
205936
204696
206848
202584
205312
202116
204028
207332
202836
214012
206012
208432
203392
207516
207740
205144
206740
205388
205072
206416
204336
212192
203384
207048
204492
207164
204536
202988
203860
207032
203892
206140
206768
213504
203464
207776
205144
206980
204816
205916
206376
203424
207568
204880
206008
216196
204888
204680
202156
207648
206276
203916
204840
205448
205788
203112
204348
212776
204960
206824
203724
207860
202124
206288
204996
207564
204456
206932
206028
213812
204464
207268
207648
203616
204776
203748
208160
203880
207288
207140
206132
206712
211064
204452
207072
204192
206440
203800
203084
203080
204540
202396
204792
204724
211856
206620
203780
205380
202312
205752
204908
205664
202732
204096
203184
206356
208372
203564
205868
204468
205508
204036
206264
206936
204940
205212
207144
201196
215964
204664
207952
207316
204352
204044
204564
205708
206764
204520
205124
206004
213472
207628
204092
205712
205532
206504
203604
208100
206608
204412
206760
206984
211728
205524
205828
206720
206800
201284
204604
206068
205632
206076
208360
204712
212380
205412
203580
202584
202044
205764
206756
206316
204272
205632
204124
208336
211984
205804
205252
208152
207912
204392
201396
206064
205440
205108
205052
204688
213276
204676
203080
205532
205756
203616
202744
206232
206536
207120
203360
202648
202496
213636
204812
203404
206244
205900
206092
205384
205548
207412
205280
205852
204552
213508
205500
204832
206208
207372
204528
204592
205836
206196
206020
205792
205428
214028
205516
205372
204536
205860
203036
201876
205268
205988
205496
207100
205680
214936
206264
205244
206128
208276
204316
207916
208184
204352
206932
203740
206308
212888
205240
207580
203284
206052
204120
203856
203960
206980
206480
205004
205716
211656
205936
205284
204592
206296
206972
204924
208836
204108
207368
205148
207088
213180
206424
206624
204256
206736
206464
208076
204764
205552
205320
206592
205380
211936
204856
204388
207620
207404
204328
203896
206448
206316
203820
207308
206268
215704
205676
207144
205744
206384
207784
204104
207712
204844
207068
207024
205372
213360
206020
207348
204572
206312
205664
203972
206484
206108
206356
204472
205004
207256
213132
202876
207300
207760
204084
208232
205468
205828
207872
203472
205352
205476
214520
206288
207392
206160
206248
206456
206036
207444
206376
205108
206764
204468
214460
205748
207232
207588
202048
205912
208044
207796
207552
206244
207312
203984
212984
205616
208516
206784
204692
205432
204868
205008
208732
205052
205236
207012
215232
205144
205172
208632
206636
205856
205100
206696
206720
204088
204860
205624
214448
206148
204608
207884
207436
204668
203348
204640
205616
207016
207040
203436
211944
208304
207220
205648
206660
207628
206208
206644
203896
205404
203668
205968
214416
205488
204396
206340
205792
208280
204108
207472
206172
206476
206304
206116
212916
207276
204848
208408
205832
205664
207664
204732
206084
206040
205076
208132
215444
205592
205236
207536
205480
203972
206892
206604
206532
205556
204288
204524
212052
208088
206776
206124
206320
206416
209052
205472
204408
206200
204344
207724
213036
205796
205548
205100
207244
205496
205556
205064
205860
206504
205580
205968
214244
205044
206372
205512
205704
204772
204392
204352
206224
207644
206312
206488
214216
208604
207996
204392
204668
205428
206336
206484
205324
203532
207244
206656
206680
213552
206116
207100
206024
207504
205084
207148
205524
209412
207540
206612
209100
212748
205116
206876
207096
204544
207276
207264
207268
206768
208696
206628
206916
212992
204608
208544
206176
204284
207292
207896
205652
208096
205924
205132
203648
216708
205452
207432
204364
205864
205120
205648
203996
206500
207428
205996
204652
212472
205304
204860
204660
205256
205524
205328
204624
204408
206240
206268
205828
215576
205964
206792
205388
204676
208360
204776
205080
203488
204268
204200
206676
213404
204088
208136
206368
201968
206656
204172
207736
203652
205536
203992
206640
213412
205428
205300
207612
205296
206612
204364
206224
204848
207284
205900
204712
214080
208792
206056
207384
208796
204924
206784
204104
206888
206748
205964
204692
213884
205392
207292
202384
206080
202308
206988
207356
204776
208528
207676
203564
212348
205572
208992
205812
204820
207372
203908
205016
204028
205128
206640
203028
210992
204180
206756
207232
206560
204292
206108
207832
201904
206908
205128
207464
207544
213012
205256
204828
204912
207448
207424
205416
207484
204336
206488
204840
205908
216124
208132
205636
206432
207264
204944
206464
205624
205836
207244
206052
206584
213352
202836
206788
205696
205252
205880
205488
204420
205204
204940
204436
207452
215216
203852
205996
206212
206828
205720
206536
206312
204128
207916
208392
206360
214652
205600
208840
203628
208900
206828
204492
206384
205212
207592
206080
205320
212796
208676
203256
205760
206876
207388
204360
205564
205808
203316
205060
205176
213676
206300
203832
207328
207000
206300
206348
208352
205264
207188
204652
206992
215196
206488
204872
206708
206108
206512
206220
203292
206496
204184
204492
205520
214368
210032
204944
205840
207764
202760
206836
206740
205560
205072
207196
205776
213316
205908
207584
206068
206004
206244
206404
208408
202916
208316
204796
205352
211296
205184
204144
207396
203912
204132
204324
205352
203860
207232
208912
203840
212520
206192
206732
206296
210828
205988
208416
204900
207696
205192
204720
206160
214224
204632
205888
204980
204836
205080
206192
207860
203884
206516
204940
206808
213972
205296
206908
206920
205724
207232
202620
207788
206944
206832
205072
202488
204288
214496
206468
204124
205796
206148
207444
207064
205712
207128
205944
206524
207568
213308
206384
204032
206404
206152
203572
209056
204100
204876
205096
206260
207784
216664
206912
205640
204276
206996
205936
206036
204292
207800
207944
206768
205568
214156
208188
206372
204308
207200
205544
206348
208964
203860
206168
203892
204540
212616
206220
204992
203232
207172
202580
205200
205996
208124
207196
204672
206392
212400
205440
208780
205248
207160
206312
205468
204796
202344
205908
203984
204668
214648
205920
206468
207696
206008
206988
207752
204176
204372
203664
207668
206944
213392
204936
205548
205916
205668
203960
206468
205800
207048
203496
206584
205896
214168
205704
207360
204444
205992
207564
206660
207020
204940
204604
206756
206468
212764
208824
201144
204448
207596
207260
204020
206144
203976
207464
208260
204440
213928
206260
204484
208176
207604
206088
206660
205236
206960
203180
205056
205424
212480
209256
207932
204252
205168
203540
207904
206908
205432
208416
207236
205328
216460
204680
205656
207284
207536
204868
205508
205504
205268
206352
205104
204104
206804
214144
208492
204424
205952
205940
205456
203168
206696
206416
203424
204380
203988
211100
205256
206524
204324
204268
206424
204120
207468
205700
205748
207324
204904
213360
207256
206232
206644
206620
203920
207724
205616
208464
206008
206904
206436
215360
205664
207368
208468
205760
208272
206940
204840
202804
204840
206584
203656
213692
205708
202888
206992
205456
207088
206424
206804
206572
205300
204376
202936
214312
207984
205272
205572
206064
205212
204120
203524
205592
204840
204664
203616
212200
205172
205488
206600
206592
205508
206620
204756
207644
205476
207384
205572
210392
203608
204528
204768
206960
205064
205484
205180
205052
204292
206032
205192
214556
206308
205692
205572
204212
205380
207492
205628
206660
206536
204316
208528
214960
204396
205188
203872
207024
205896
203136
205932
205996
205624
205672
204256
204636
216612
205476
202732
208044
206876
203520
205616
206740
207352
206956
204704
205592
215016
204120
207972
206960
206696
204736
205700
206392
206188
204996
206736
204868
213636
205928
203376
204108
205168
207444
203820
206508
206396
202700
205328
207888
215856
207560
204980
206052
207752
202832
201440
206312
206484
204460
204164
205296
217156
206472
203548
205636
207280
203836
204052
204732
206316
205616
206524
205488
213896
206660
206944
203104
205992
204908
205628
205264
207720
208020
205040
207004
214840
206668
204480
205508
203940
206388
204012
205420
204556
206600
205976
205024
212764
205424
203668
204632
206140
203768
205204
202444
207288
205676
207048
206120
213544
202904
207004
204348
207688
202340
206120
209452
204836
204080
202572
206156
214112
204056
208468
206664
206700
208192
207476
205900
204888
204092
204576
206420
205320
213448
204236
206748
205580
206808
204588
204560
204244
204248
206280
206680
205084
215224
204064
206652
203620
203100
205008
203884
204600
206912
206948
204572
206748
217828
205532
206616
205152
202776
205812
206724
207784
207304
205380
206328
207108
212452
204748
204204
206348
207524
203124
206232
205284
208512
204532
207152
204832
213160
205252
202968
206028
207544
206140
206608
205600
205080
204664
203252
206584
215920
205496
205816
204124
206684
206620
206628
207292
204948
205008
203752
207148
215348
206292
206404
205756
202952
208680
206544
205972
206240
205308
204916
206664
214924
205332
206348
206884
206156
204620
203852
209284
206880
205940
204952
205444
215996
205688
204888
204880
202196
205416
203324
205116
204052
208656
206028
205860
214784
205592
205492
204796
208384
205392
204320
202380
206880
204952
206124
208188
215576
204404
207876
206116
206408
206704
205724
207620
204432
206864
207392
205416
212812
207304
204748
206244
204452
205608
205728
206352
205344
203788
206816
204384
214688
206612
205668
205608
202092
206512
206680
204472
205856
203076
206940
205836
206692
217588
204272
202904
203468
206252
206744
204168
205524
204936
207136
203732
207124
213116
207516
205524
205768
204952
207464
206656
204796
204364
206140
206048
206940
212752
206112
204608
206668
207312
206452
206796
207412
205332
207140
203980
206116
214880
205364
204004
205352
204896
204424
208328
209300
202968
206720
203344
206640
214828
207132
204032
206376
204024
207172
203444
207072
204308
204872
206760
205152
215804
207616
206000
205640
206648
205588
203720
203820
207208
203780
208436
205024
211968
206236
208708
205032
208132
208532
205132
208132
207344
203912
206008
205968
212100
207972
204632
208200
206096
206348
207704
204496
207868
206012
204264
206684
214764
201720
206264
206348
206592
207072
204612
208172
204824
206360
205720
205980
213112
206904
206972
205364
204172
206336
205536
204540
205836
202912
205908
204880
214040
206344
203540
208448
204200
207496
205772
205920
207688
204948
206416
207652
210684
207328
206664
206380
206860
206056
206408
206240
204956
207984
204908
206596
208424
213480
205112
204260
205032
208476
207448
204552
207404
207756
203788
205616
205232
211464
209016
205432
206636
205880
206236
206604
205520
207816
205592
203196
207824
213484
202796
207196
206492
207584
203896
205144
206872
205556
206248
205908
205416
214532
203464
205828
206272
205592
206860
203180
206788
206080
205108
205456
206260
215424
205220
206148
204776
204536
205928
204852
205400
205028
205100
203744
206032
211944
208744
205232
206556
207128
206696
206452
205480
207200
205220
207112
206944
212072
205036
205368
207648
204480
202316
205276
205912
205424
205708
206888
208576
212984
205036
202720
205904
207004
206148
204468
205796
206412
206900
203812
208144
213948
203680
206948
204564
205940
205584
205900
204808
205356
206040
207200
203748
214716
207724
205680
208500
208592
206512
205616
202380
205624
205024
206040
206024
212504
204932
208432
207492
206332
206424
204624
208520
204372
207384
205856
205892
213456
204612
207460
205272
204656
204788
205404
208264
205728
204140
206280
204512
206468
211140
206940
207616
206328
204668
207860
206308
204736
203816
206004
207112
207196
213392
205544
205136
204632
207952
201436
204888
205820
202940
207580
206208
205400
212572
206008
202660
208432
203696
205672
204680
207300
206104
205224
206640
208872
215924
205276
205660
208660
206512
206184
204588
206024
206464
208696
207664
206736
214240
208292
206952
204644
207240
203344
205348
205544
202876
203432
205580
205644
212520
207832
205200
206196
203764
203328
206260
205304
203904
205764
208644
207808
214080
204272
206596
205204
206768
205300
206696
203276
204744
207636
206824
206200
214964
203652
205792
208800
206496
207284
208200
206988
206548
204832
207520
207532
212472
206068
206472
204500
206544
206804
205680
205064
204012
206360
203856
205628
211204
205484
206912
207048
205004
205608
206072
206604
205356
206232
207376
202612
212844
209928
205080
207144
207836
206944
208048
207692
205336
206520
204972
208000
215424
207172
204596
205912
206760
207872
206972
204104
206524
203860
206732
205576
207096
213068
206920
204656
208864
204864
206236
207124
203188
205568
204796
206460
205820
211280
206228
205716
206572
204064
205804
203924
206984
205908
206476
206832
208440
215664
205064
207892
205400
207052
209132
205916
205136
204740
203992
208500
206148
212156
203528
204820
204872
204416
205676
204368
207936
204056
206700
207868
206576
210496
205916
203524
207484
204340
207560
206204
206844
207896
204568
207380
206088
215476
202684
203704
206300
207260
206000
205524
206540
206244
204792
204840
206964
210872
205572
206964
204452
207084
204440
206276
202704
208384
204080
205260
204128
216016
206628
205924
207460
206532
204196
204652
205904
205436
205408
208888
207116
213112
206836
206048
206956
205600
208340
205220
204136
203936
207144
203488
207404
213988
207576
206060
205840
203264
205536
203576
206204
205676
203124
204100
207272
215416
207820
204852
205364
206396
205696
207888
205856
206860
207728
205880
206400
216652
207916
205900
206084
204920
206540
206592
205036
207304
206804
205216
205804
213812
205140
206628
206004
205464
205752
205600
203588
206052
203512
206988
207872
214412
203884
207576
205244
207652
205744
205820
208288
208800
203888
208284
205712
207320
213272
208068
205388
204876
206184
203152
205120
204052
205112
207664
206980
207184
211128
206648
202716
206856
206308
206148
205400
205440
208496
205360
207680
208240
213360
204784
206328
203976
205160
207060
206804
206516
206540
206096
206184
205008
216364
202768
206108
204140
205436
206608
206520
205844
205976
206900
205292
206072
212048
206924
202544
205168
206348
205636
204284
205796
208228
203024
206824
203400
214016
205564
207308
206784
205972
205184
205408
205580
206680
204240
205160
207436
208944
206576
204640
206808
205136
204068
205936
205944
205984
205004
207604
205240
211500
206464
207180
205684
207908
203808
205044
206580
205956
206700
205580
205724
214588
207208
204076
207480
205140
207168
204640
206388
202276
204216
206952
206712
215432
207604
204752
205260
204768
206156
204408
205360
206728
204068
207156
205440
212152
204896
205520
208220
205896
206616
204060
203992
207436
204288
204124
203412
206980
210992
204992
206324
205632
205824
206404
206800
206200
206060
206512
205816
205744
211324
203256
208452
205148
205232
205800
204088
207192
205928
203492
203904
206620
216292
207928
208724
205376
207452
203104
207284
203852
206652
208256
205872
202196
214992
204720
209488
207448
203880
208464
204068
204832
205620
205968
203148
207912
211452
206060
204936
204068
204640
206072
204284
203928
203428
204432
203880
205892
210492
207044
207784
204884
205272
204756
207780
202292
207836
208512
206572
204168
213152
205676
206720
204984
205052
206872
204696
206836
206244
204344
205676
204756
211668
203480
203004
205436
207164
208080
205328
206704
204620
206612
207224
206872
214268
205188
204252
206224
204772
205072
208472
205056
205684
206776
206232
206540
210484
205436
202916
205820
204256
204660
204096
203788
204152
204924
203356
206392
202256
213952
204540
205940
204372
204932
205900
207000
202928
204980
203148
205960
203060
214204
206716
203928
207024
206324
206656
205844
205272
203964
202176
207300
205168
210892
206940
204820
207316
205288
206988
206216
205720
207188
205264
207112
201136
213336
206620
203504
206060
205988
205740
205200
204396
205740
202672
203836
204880
213288
202520
203520
202040
206240
204232
207576
206904
204488
207388
205788
206908
212748
207060
207732
207292
203648
207456
207912
201292
203624
205804
205256
201396
212080
205188
205960
206788
205748
206216
203952
207056
204064
209176
204768
204132
213472
208680
203832
207104
206132
204784
206020
205148
207856
203520
204720
206076
215020
205548
204424
205860
206820
204796
205944
204568
204404
206524
206036
204544
206060
215584
206324
207248
206024
207784
205220
206556
203460
206060
205092
204224
206412
211060
208212
205916
203504
205304
205560
205932
206824
209636
206572
205644
205612
214656
202852
205272
208536
204468
206700
206028
206128
204884
207348
207020
207076
213808
205680
207488
204944
204848
207196
207388
205052
206420
204424
206764
205676
213752
206364
207384
206892
205256
208292
204388
206508
207528
205404
206260
205424
211756
207052
208676
205724
206756
206532
205868
204060
207312
206348
204692
206820
212848
205284
202732
206244
203936
206388
204916
202312
208772
207032
205460
207880
211936
204364
204572
208300
206288
207252
205656
205204
203764
207360
208812
207456
213876
205124
204080
205952
207140
204664
206824
204712
204992
204748
205544
207588
216556
206308
206488
209424
204864
207308
205300
207488
208216
208592
205764
205144
212460
204352
204848
206880
205028
203956
204584
207616
206080
207960
205416
206652
212684
206408
205376
206984
205272
208200
202828
209036
207064
205412
207000
204796
216356
207048
204804
204264
205072
203888
205844
204344
208096
207552
205900
208192
212628
204416
207904
204852
205756
207440
207044
207732
205432
203400
207332
206092
207396
214292
206704
204868
207480
205464
206932
204884
205748
209064
206796
207580
205280
210688
207360
207768
205528
207052
205524
204764
208736
207348
206124
205164
204764
214568
205996
206916
205648
203768
207200
206748
203484
206936
204880
205812
203496
216832
206116
207088
203456
205712
207148
205340
206428
208124
204112
206644
206704
214900
205912
206996
207436
204732
208324
204144
205616
209040
206072
206044
203708
213768
206712
207896
203560
206300
206460
203400
204972
204912
204476
206984
208536
214828
204168
207576
205928
204272
208152
206116
206340
206924
205840
208228
203868
214100
206608
204292
204192
206144
205696
208640
203540
206784
207384
202588
205160
211988
209288
208772
203284
206188
203504
205740
206592
205984
203660
205980
207324
214544
205036
204428
201764
207184
206100
207372
206616
203436
207116
205060
205424
212516
206300
208760
207436
204820
207320
203672
208392
204572
206956
205200
204316
212420
206684
204828
204600
204512
207116
203060
206632
208712
205924
206924
202120
212596
204776
204392
207064
205860
206708
207360
205788
206032
206392
204112
207720
203864
213196
207316
206768
203604
206232
206172
207244
203504
205996
205468
208680
207564
210944
206436
207588
206080
206072
202468
206452
204288
207236
208948
204092
206912
212852
206932
206716
207912
206360
203676
204880
206924
207812
204868
207260
204300
214556
205284
205584
206148
206228
204572
205728
203496
203216
203728
205328
203576
212984
207260
205704
206280
204480
208156
206500
204012
206988
206028
205688
204936
214908
205864
204340
207232
206840
205468
205564
203988
206892
207544
205772
205364
213244
204132
205520
205872
206624
206584
205764
205520
206436
207408
206000
207396
214636
209456
204476
205648
206100
205644
208420
207444
207940
206628
204476
207180
211764
208000
202496
203268
207380
207460
205480
204844
205300
207436
207444
204176
213276
205160
206160
207224
206516
205232
206484
204716
205980
204060
207772
206928
211184
207688
206520
204076
206160
205736
208232
205824
205516
206728
205656
207996
215400
207684
205268
206156
208272
207324
206644
205524
206268
203572
204548
208208
211468
204880
204480
206516
205764
202580
206956
203640
208252
206484
206888
206240
204644
212028
206120
205380
206308
203332
206528
205944
204840
205264
204724
208044
204400
214204
206928
206072
204940
207732
205852
207108
204872
204088
207280
205384
207692
212852
206472
205084
205072
206024
207388
207172
207084
207440
207072
205916
203888
211716
205652
203544
205460
204776
207900
206984
205972
206016
204000
203632
205308
213976
204076
205884
204684
203984
206500
208824
205600
206440
204740
206608
207920
209916
204936
208080
205216
206212
206032
206936
206304
206388
205784
204348
205948
214948
207576
207308
203836
206332
204420
204800
206552
207072
205132
203464
205800
214448
206160
206360
207680
207936
205172
206452
206032
203744
207688
205664
204416
213564
204064
207784
205288
205392
203620
205604
204420
208468
204432
206744
206428
209156
205380
205704
204888
205664
205252
205216
209260
204516
207660
202144
206576
205352
211056
207712
203652
206116
203472
206808
208152
205948
208004
208124
205688
206304
212976
204520
205060
202888
205772
205008
207796
207152
205784
204892
205100
206656
214020
203824
204980
204016
207976
202216
207324
206060
208124
205632
207408
205096
212604
205488
203392
207068
204796
207564
205852
205892
207004
205260
207628
205160
211912
206256
205764
206152
207908
206280
206640
204248
204676
207612
205700
206644
212208
203796
207984
201088
207940
204316
204800
204492
206744
207220
203304
206972
215964
202832
204016
205348
207512
206240
205564
207532
206156
205532
205496
208728
214124
204808
203364
206880
204308
209208
206524
203748
206456
204144
205772
202356
212488
206072
205008
206724
205172
206708
207048
207704
207536
206524
204752
205816
213372
204380
205288
205580
207284
206712
206640
204800
206876
208412
206812
205872
219708
202304
206760
206364
206160
206020
204932
208628
205316
206984
204412
204908
214752
207636
205252
205404
203500
205116
202648
205988
203416
207504
204136
206172
214472
202320
207476
203684
203272
205884
207068
205884
205528
206708
205160
206152
203740
210272
205024
204808
205968
204964
205928
206880
204388
207928
203408
206644
207152
212924
205360
208416
206476
206352
205240
207172
207384
206608
207028
203720
206928
211784
204072
207152
208536
204176
205260
205828
207036
206008
204504
208104
205064
214380
206448
204832
206804
208640
204120
204656
203824
204712
203348
207464
204684
212464
208444
208540
203696
205760
206456
204948
203680
204592
205956
206004
206064
212996
205912
205104
203316
208064
205168
207216
207552
206672
204176
203652
207548
215016
207540
204788
206524
206084
206636
207556
203204
206748
207836
205716
206204
215988
204632
206436
205600
207176
208824
206072
207104
204468
203584
205180
205784
213940
204452
207628
207324
204040
208096
207312
205260
205220
204840
205216
206252
214144
205660
201712
206748
207432
203160
206976
204200
208848
206104
206024
207000
207956
206956
204060
204704
206520
204908
207124
203764
207360
205476
206044
206216
205380
279868
205264
206936
203376
204932
205628
207756
204808
204000
206232
205504
246860
206020
205404
203736
206512
206452
204108
206620
206068
206132
202528
204612
214788
208020
205264
207628
204652
206320
203732
206280
205212
205404
206884
204916
214672
203536
203260
204888
205772
205092
205404
206040
207484
204872
207776
205432
213332
207640
201672
206572
207396
203884
207484
204056
204488
205012
206880
204720
203720
213960
205580
207956
207104
204428
206156
203888
205660
204184
207836
202644
207804
214728
204192
205620
206232
206588
206752
203120
204932
206272
203780
207520
205440
212220
207400
204720
206456
202224
206740
207060
201132
208884
204488
205580
202656
211864
202456
205944
207152
205304
205984
207296
208148
207364
205200
205920
204676
210876
205540
205268
207544
205140
206500
205908
206684
206660
203012
204472
204588
214616
207072
207348
205400
205828
205816
206808
206384
204440
204124
205156
206612
215796
205068
206096
206504
204504
206680
205520
205544
205884
208396
207384
205616
214492
204900
205204
209528
204836
205796
205176
204128
205372
205184
204324
206644
211612
206088
206600
204032
208716
202772
205996
206568
206504
206704
204204
206256
214872
206816
205948
207924
205224
206268
207280
207024
204796
205132
208244
204656
213548
204416
206476
207384
205600
205848
208144
207744
203264
206724
205724
206752
205120
215128
204592
204644
205932
203048
204960
206436
205952
208788
205824
207804
207200
214336
205108
206748
208816
204844
206296
206976
207992
207696
203048
205932
204904
212212
204908
203128
208080
205380
205076
209420
207320
204640
204132
204060
205988
211156
207872
207520
205396
206008
204600
209048
207232
204096
207376
203692
203836
212016
204724
205516
205752
207340
205900
202672
207760
206224
209424
201628
207908
213940
207568
206108
208016
209164
202660
206572
204680
206972
206752
206784
207856
214668
205508
207372
206272
205144
205068
205784
209740
205008
203672
207536
206252
213900
207908
205888
204928
206096
203544
206368
206472
206068
204388
206372
207644
209992
205580
205944
205360
204012
207260
206712
205772
208996
207720
205060
206680
209472
201940
205100
205084
206688
206300
205148
208148
207148
204168
204104
203700
214088
202220
208132
203644
207972
208180
206168
205860
205044
205944
208176
204436
213716
205736
205348
206868
205872
204500
205556
206112
206048
204148
205784
205308
206196
213208
205464
206804
206692
206556
208192
208332
202748
206056
204816
207252
204556
214208
205092
203560
207248
208388
206772
206728
205332
206516
204912
206368
207456
214236
206016
207044
205052
203400
207356
204676
205996
204192
206452
204728
205416
211340
204696
205720
207120
203620
207720
205320
205500
206128
203864
205112
206400
212732
204188
207780
207300
203636
205892
204916
208268
207888
206296
206280
207216
210988
205396
205036
207932
206340
206920
208732
208844
203080
206840
207236
206336
215328
207444
207968
207068
206712
208692
205676
206568
205600
204716
207712
203612
216516
207824
205520
208800
204624
204796
208168
205412
206672
206540
204412
207272
215832
202440
206972
204456
205484
206740
203992
206420
206428
206984
209516
204780
215480
207540
207020
207152
206372
203964
208624
206564
204388
206336
203804
205980
212256
203928
206344
205496
205020
204648
208840
206620
207804
207840
207928
202088
215580
207252
205680
206488
204276
205280
205004
205172
207332
202836
207048
204896
215776
204592
207172
204460
206496
205676
205712
207596
206236
207164
207012
205932
216464
206364
203804
205940
202188
206272
203964
205864
205936
207516
205724
205116
215548
206540
204944
206876
208752
206216
204980
205004
206616
209260
203480
207396
214564
205080
205852
205240
204600
204440
205036
206920
202388
208712
205440
206684
214852
205692
203968
205984
204840
207216
204436
208332
206520
202632
205960
203520
205840
216024
206476
206188
206980
204216
205328
204636
207256
204404
204600
203412
205212
212960
205948
205460
206056
207568
204872
204220
204368
204748
207708
205472
206212
214012
204936
207044
207656
207920
206928
208840
205216
206408
205516
206760
206528
214064
203632
206736
205328
203612
205560
206140
207492
206776
206104
204220
206408
210984
206996
207452
207176
205572
205320
204300
206308
204400
205712
206432
206744
214920
205556
204960
206088
206220
206252
208016
204924
205812
205348
206848
208964
212040
205936
207120
204496
208164
205884
204972
205960
205948
209836
207428
205140
214648
207712
207676
203364
204112
205492
205068
205816
207604
206584
205368
206464
211540
204896
209028
205536
206392
206220
205736
207816
206760
207044
206512
205192
213824
207628
207384
204048
207456
204856
207616
204160
205248
207008
205920
207524
214928
204932
205700
207528
205064
207972
206304
205296
204332
204348
204740
206648
212384
204548
206316
204892
205672
204980
201760
206672
205696
205788
204908
205804
206776
214528
204576
207440
205436
204484
203856
209180
206628
206956
206396
208236
205484
215252
205964
204852
204836
208164
205832
207008
205744
206660
207052
203216
205948
212600
206908
206924
206596
205876
206108
206740
205596
204436
203652
204456
207568
213204
206264
205384
204640
205372
206168
208872
206580
206672
203328
206636
204984
215460
203744
206700
206516
208384
205628
205256
204840
207100
208120
204964
205548
213320
205264
206400
207728
205052
205984
205352
205664
204140
208036
204972
205796
214752
207436
205244
206756
208476
204908
204248
205024
204316
203220
206960
203788
216232
206660
204964
205284
206508
203812
206184
205276
203956
205564
206348
209364
216868
204328
205912
205316
204812
205864
206204
207068
205084
206716
204532
206852
215544
207780
207104
206596
204504
204700
207232
204584
209744
207844
205352
206308
213644
206852
205564
205640
205208
208748
205332
207756
202620
205704
207768
205084
211148
206544
205212
207848
203796
208704
206172
205812
202956
206944
205188
205964
214368
206660
207760
206636
206280
203436
204440
205440
205596
203316
207240
204444
205704
212504
207732
206840
207972
203644
204968
205364
202560
204632
207772
205852
207624
214024
205940
203764
206408
204452
206144
205824
205472
205148
207068
208848
206680
215992
205020
209896
208452
208368
203724
206616
205588
208040
206444
206160
207176
213568
207316
205516
205280
206504
208384
204652
208084
207296
203604
206760
205816
214540
207452
204176
204956
204692
206132
207440
203804
205920
207076
204896
207280
211976
203180
207160
207512
206104
204092
206472
205540
205672
207400
205348
207072
214364
204296
206464
207632
206984
205384
205496
206580
208128
204944
202916
205676
210424
207444
205032
205480
205900
204920
207296
203804
207692
206228
206788
204312
214076
206108
202836
204864
207796
203924
207208
204972
207596
206272
204224
207280
213880
205716
207772
205440
209580
206880
205468
206276
207468
204868
206840
205108
212856
204112
204412
205048
203092
205308
205736
206888
202204
205788
206156
203572
213124
206336
204200
208492
205392
207676
202072
205856
204064
205224
206300
203504
202752
210992
204832
206896
206404
207592
205956
205324
208552
206496
206724
207532
204576
214652
205556
208308
208012
207732
205016
203748
203672
208444
206760
206004
205612
215484
204748
206120
207192
203548
206248
204496
208164
205428
205248
203660
205572
213196
202824
205404
205828
205448
206284
204400
208128
204100
205404
207988
203660
213924
201836
204032
205364
208332
206672
206128
204928
206824
206108
206808
204864
214704
207148
204524
204896
205308
206500
207744
205732
205596
203948
205340
206404
210388
206712
205036
207140
205520
205608
208188
203296
205452
203172
206836
203668
213660
206608
205772
205048
207456
206648
206060
203684
207784
205212
202992
205036
210668
204328
203792
208048
205008
204800
207244
204112
205592
205520
206552
203964
215088
206724
208700
204300
206264
203476
206340
208016
204068
207784
203812
208344
214040
206676
204688
206180
204892
203536
206396
205904
204288
205260
208580
203828
213492
206104
206076
207096
203180
205828
204324
206584
202704
207496
206004
203728
206544
214460
204684
206964
207608
204296
206596
206116
208092
205016
205952
205040
205604
213364
205160
205088
204708
207580
208000
206032
204272
205580
206524
207356
206628
213560
207176
207772
204808
205416
207272
202492
206492
206636
204612
204960
205844
211576
204112
207488
204672
205652
205780
206196
206492
203248
206396
204576
206848
211500
205528
204416
205380
206352
206180
206188
205992
203624
206360
204916
207352
214848
206624
206316
207468
208028
207180
207392
208112
204004
207968
205644
207096
213360
205360
206568
208040
204952
205484
203732
206684
206192
207336
206672
203588
215104
204456
204124
208420
207840
204320
207860
207164
207576
207640
204468
207664
212512
203928
205480
205176
204400
207464
203520
208368
207508
206136
207428
205476
211300
208128
204360
207272
207436
204948
206992
205136
206656
204308
208128
205328
213936
206072
205888
206860
206760
205276
206820
205164
204416
206868
205468
204472
212952
205612
205276
206956
206240
206936
204744
207060
206668
202848
205604
203972
208628
214112
204532
208112
202884
206460
208064
205676
207828
203848
208644
207560
204208
212188
208208
204600
203852
205304
208376
206588
206488
207796
206328
203672
204532
213580
205044
205788
206112
205788
208088
206700
207088
204348
206256
205860
207148
214948
205556
205700
205052
206240
208748
205264
204048
207528
206636
208848
209172
218184
208668
202740
205656
206692
203840
202472
205588
204036
208252
205256
205808
212480
205100
206548
208228
205200
206376
208688
203316
206924
205060
206256
206972
209736
207096
205968
203428
205224
204484
207004
201528
206472
203708
205396
206868
211608
205988
206564
205144
208240
203208
207644
205072
207712
203728
206756
209644
213424
204676
206276
204900
205652
207212
203076
207600
205228
207700
205348
204552
213512
203848
208088
206604
205284
205792
205788
206668
206348
205976
204580
205884
213836
207992
203580
206792
205880
205740
204312
204184
208036
207584
204612
205700
214788
204656
206592
204988
207624
207684
206776
204460
206056
205032
207792
203676
214716
206896
205952
209164
206172
205092
207476
205528
206332
205256
205532
207088
205972
215840
206504
206564
204792
204700
205448
207556
208392
206424
207072
204224
208016
213676
203592
206680
204728
204596
206960
204604
208920
203660
207004
205948
207084
213400
207840
207712
203552
205140
204660
206536
204348
208096
204672
206132
203768
213812
207572
207600
205748
204752
204644
207928
202340
207516
206120
205840
208008
213996
206832
205340
206416
204928
208972
207380
205628
207644
204388
207104
206240
213908
206004
207868
210652
205360
206380
205296
206308
206176
204832
203964
206240
215736
205252
205668
204556
206144
206860
205308
205452
205204
203816
205040
205576
214376
208520
207908
204128
207952
204736
203824
204824
204196
203336
206896
205740
212356
203716
202984
207820
207476
206348
204744
205080
205368
205160
208440
206540
214244
204856
207576
207728
205084
206344
204580
206176
206852
204884
207712
204692
215344
206844
205032
207108
207840
204204
205168
205628
207636
205588
204516
206776
215056
204980
205284
205932
204240
205684
205788
207340
206108
208160
207132
206572
214456
204632
204064
207192
205356
206672
204360
202976
207708
204864
205700
206264
214128
207840
207180
205692
205392
205924
206308
206308
205908
207088
202848
205784
213372
207348
206488
205920
204232
205964
205052
206284
207712
205348
208488
205688
213208
208140
203692
206300
208708
204344
206864
206420
206080
206384
205888
205724
214684
203852
206528
207240
204276
206576
204028
206400
205524
205856
204000
206764
204284
212216
207736
205544
205892
207288
203684
207452
203712
204736
207584
203488
207196
213552
205672
204824
205880
208560
205496
205540
207428
204704
207084
205372
206280
215568
207072
204248
206744
207076
204532
208352
205768
205640
207000
205652
208592
212104
204316
204468
206856
207928
207772
203284
205972
206944
205780
203724
208616
214556
207168
208724
205852
204988
205220
206480
203920
208384
206884
204604
207304
214328
204724
204116
205684
207508
208408
205492
206608
205448
206380
206448
206192
213212
205468
205528
205120
205560
205252
206440
206556
205220
204568
205368
204164
212320
206012
203372
207296
204428
206044
205248
205724
206292
204252
205364
203396
212900
205736
205492
206052
204032
206672
204520
207372
204996
206488
206944
205888
213668
204904
204712
206920
208364
203420
206096
203660
207984
208452
203692
205164
211160
207452
209400
205500
205884
207596
204772
207200
205884
206096
203452
207528
214380
204992
205220
207716
204280
208280
205956
205352
207188
205640
205244
208380
203304
214916
206428
205884
205644
204840
206312
206944
203248
206992
206280
205512
204044
215208
208176
207572
203724
205448
204924
203988
206556
206772
204120
205164
205752
214124
202388
205348
207612
208300
204988
207248
206260
206020
206784
205456
206828
214696
206196
204568
205968
206120
206820
206780
206744
203432
205388
206392
204072
215248
204124
205180
205468
210136
204656
206680
206564
205936
206312
203208
207608
212780
205112
206116
204656
205980
207856
206164
206700
204848
207112
207872
203644
212568
207644
204692
205836
204616
208368
205896
204480
205772
205736
206032
204772
211492
205724
206068
204932
203144
207444
203608
206584
208736
205980
207356
202592
213540
204620
207448
205004
207128
204832
205920
208960
206904
205156
202932
204356
216216
206604
206672
207528
203364
206760
207392
208004
205000
203704
206896
206368
212872
206972
206972
205496
206588
207856
206432
203096
207412
205832
206020
206660
214808
205576
205884
206212
204644
206816
205592
206860
207496
203628
205092
205276
204732
214432
207096
208084
207312
205264
206556
203668
207184
204544
206752
205500
205764
212912
201164
206084
204528
205056
206116
204000
206440
206320
206200
207628
206168
214352
204644
204492
207656
203596
206304
207520
203392
204140
206328
208308
204628
214504
206672
206968
206844
206892
204572
207800
206580
204052
205996
205688
205956
211192
203448
207040
204308
206648
205080
208536
207584
206448
203844
203628
208788
212940
206900
204244
206932
206708
205536
204020
203348
206540
205556
205884
203952
212396
208372
204756
208424
208824
205624
205640
202832
207356
205540
206408
204144
213512
204692
207628
205580
207036
203060
206276
204664
205084
202872
206520
205676
215608
204076
207852
204812
204784
207256
203136
204488
205300
206008
205980
206656
217048
204540
208304
205064
205880
208276
204256
208244
205684
206760
207312
205348
211728
206324
207924
205380
206472
203668
207272
207772
207684
205852
207192
206220
213356
206600
206532
206004
206900
206112
206224
203532
206268
204596
207728
204800
206256
213480
207840
204952
205224
205760
206336
204392
205840
206064
205368
206436
204800
214040
207556
208192
207588
205424
206004
208632
206444
205716
206828
207768
204524
213608
206260
204016
206808
204060
205884
205736
205352
207144
204492
205888
205228
211532
207740
204252
206456
204204
206440
203600
204924
207672
207524
205740
207976
210848
206592
208704
205972
206292
204420
205688
207068
204072
204736
204204
206604
212892
204128
206868
203872
206364
206252
208460
207332
205964
205900
208372
203976
214680
206256
207068
205124
207920
204736
208312
203024
207908
204368
206564
206248
214872
204304
204380
206428
204836
203200
206660
206652
205736
206484
204744
207268
212752
207824
204920
208148
206488
205328
203736
207328
204844
205076
206560
205128
210608
207300
204988
205980
204024
205684
207296
203448
207372
204932
205132
202128
214336
205164
206364
207500
204436
205220
203780
205480
207660
207116
205708
207480
211992
204260
203092
206932
203340
204956
203620
205860
206288
204324
202768
204808
206328
212792
204832
206600
203680
205132
203252
204928
204648
207392
207624
204428
205388
211876
205388
206308
207300
204756
205400
208168
205564
205796
205020
206172
206820
213472
205028
207972
207292
205528
204700
206816
207252
204920
204924
207352
204392
210564
205520
206288
206892
205176
205948
206664
205448
205716
205840
205908
204176
214876
207108
204304
205016
206432
205144
205608
203432
204244
203204
207828
209356
212428
206128
207380
205220
207724
207624
205616
205368
204836
206968
205080
205588
214196
207092
206356
207176
208188
203652
208128
206924
205176
206120
204736
206744
213644
205568
204928
205012
207164
204448
206168
209720
202944
206348
205616
206332
213060
207896
204788
208036
204148
208336
209168
206264
206984
203772
206956
206400
212852
205960
207456
203800
208692
207504
203688
206660
202696
207432
203408
206256
211544
204652
203212
206852
207316
206644
205736
206148
205532
204644
205452
207616
210552
205040
206932
206740
204996
208356
205992
204848
208320
206688
207136
207332
205160
214524
207060
205272
204716
205492
205448
205944
206800
207852
207060
204540
207884
211680
205872
205968
203856
207480
204812
206168
206036
203800
206076
205100
206836
215908
206152
205340
206868
205784
206652
205460
205632
203228
205436
203412
205828
214880
204508
205104
208112
202984
204356
204524
207132
203212
207836
205452
204264
213072
205180
205400
203264
208140
208356
206240
206532
207944
205048
208288
204356
217308
208056
207900
207652
207244
204780
204384
206764
205852
205636
205012
204912
213068
207168
205360
205580
205456
206276
205552
203540
204832
206608
207096
205108
213908
206488
206524
205548
204800
204912
206072
204536
206736
205816
206464
205864
210440
208128
205824
204352
205992
204700
205960
204108
207964
205816
205352
209160
212364
204268
205236
202812
207988
203632
208760
203984
204440
205896
206752
206940
214392
207696
206392
206420
205072
205252
206572
204276
207692
205300
207048
208460
216044
203728
208712
203172
205228
205632
206828
207392
203332
206292
207220
207684
206864
212856
205048
206120
203884
207552
203148
207368
207248
203452
205356
204920
204936
212880
206996
206864
204860
206072
206916
204912
205808
205536
207428
204288
207880
211836
207468
204672
205652
205800
209540
206720
207132
208228
209052
205596
205392
214988
203256
207332
205272
204764
205652
205380
204316
207092
206140
207772
203404
214808
206868
204480
206448
206404
205656
204156
207204
205180
205740
208328
204960
212272
205332
208720
205180
204176
205592
206092
202964
206168
205216
206416
205472
211376
205236
204840
208976
205436
205372
206252
205192
206844
206244
205328
205444
211744
204860
207576
204632
206216
206164
205276
206460
203100
206460
206080
203424
215008
206848
208432
204404
204464
208360
205968
206816
203032
205396
206872
205432
213388
203692
204248
205260
205268
207816
204436
205612
208212
204540
206592
203804
212124
207460
207080
206380
202264
203320
203860
206064
207336
206048
205232
205716
203248
211644
206872
204440
204932
206464
204404
207704
206588
204392
205836
205320
206844
212084
205628
209376
205712
207536
206420
207468
206368
206936
204956
205212
203380
213708
209084
208312
205788
206824
205540
206388
206048
204584
207484
202420
206508
216208
203428
206040
208744
205040
207332
208308
206816
208636
208680
205460
207800
214328
204452
207332
207728
206516
207652
206936
205232
207388
203436
206040
209336
208840
204988
208208
205256
206616
204456
207220
205004
205836
205680
204588
204952
215516
205344
207604
204656
206968
206252
205164
207360
205224
207844
205916
205504
212024
205680
204992
206892
204780
204048
206368
206344
205460
207540
204404
205208
213920
206476
205036
207276
206292
205304
205108
205032
206404
206400
208484
205092
215168
204668
206248
205204
203036
203472
206600
206252
204188
204884
206520
204788
213164
206996
207312
208476
206164
203888
206908
205612
204040
206332
205392
204544
213636
205892
202696
206288
203376
204008
204864
204628
204948
206548
209420
206196
213072
204928
206784
204752
207932
206356
205852
206108
206172
